Time	T_diode	T_sample	V	V_err	I	Resistance
3768296068	45.010000	44.636176	-0.00000003251	0.000000016	0.0000030000	-0.010835083
3768296073	45.010000	44.648851	-0.00000003563	0.000000012	0.0000030000	-0.011875853
3768296077	45.030000	44.681893	-0.00000003574	0.000000011	0.0000030000	-0.011914848
3768296081	45.100000	44.735591	-0.00000004741	0.000000008	0.0000030000	-0.015802908
3768296085	45.160000	44.811752	-0.00000002692	0.000000010	0.0000030000	-0.008973762
3768296089	45.240000	44.884962	-0.00000003349	0.000000033	0.0000030000	-0.011162903
3768296093	45.350000	44.991011	-0.00000003120	0.000000006	0.0000030000	-0.010399729
3768296098	45.440000	45.076386	-0.00000003747	0.000000015	0.0000030000	-0.012488584
3768296102	45.550000	45.196524	-0.00000003222	0.000000013	0.0000030000	-0.010739516
3768296106	45.640000	45.289899	-0.00000002480	0.000000008	0.0000030000	-0.008266307
3768296110	45.740000	45.361632	-0.00000003108	0.000000012	0.0000030000	-0.010360733
3768296114	45.830000	45.426356	-0.00000003237	0.000000004	0.0000030000	-0.010789644
3768296118	45.870000	45.512594	-0.00000003788	0.000000031	0.0000030000	-0.012627823
3768296122	45.930000	45.572858	-0.00000003020	0.000000007	0.0000030000	-0.010065489
3768296126	46.030000	45.622260	-0.00000002946	0.000000003	0.0000030000	-0.009820422
3768296130	46.070000	45.680022	-0.00000003090	0.000000010	0.0000030000	-0.010299465
3768296134	46.130000	45.735333	-0.00000001853	0.000000014	0.0000030000	-0.006177451
3768296138	46.170000	45.780831	-0.00000003175	0.000000017	0.0000030000	-0.010583595
3768296142	46.240000	45.846397	-0.00000002213	0.000000008	0.0000030000	-0.007375061
3768296146	46.280000	45.897878	-0.00000003566	0.000000017	0.0000030000	-0.011886996
3768296150	46.370000	45.956403	-0.00000002634	0.000000015	0.0000030000	-0.008778814
3768296155	46.430000	46.023990	-0.00000003890	0.000000021	0.0000030000	-0.012967632
3768296159	46.500000	46.085299	-0.00000003506	0.000000003	0.0000030000	-0.011686465
3768296163	46.560000	46.167536	-0.00000003245	0.000000002	0.0000030000	-0.010817497
3768296167	46.650000	46.220760	-0.00000002587	0.000000015	0.0000030000	-0.008622794
3768296171	46.720000	46.307283	-0.00000003113	0.000000015	0.0000030000	-0.010377495
3768296175	46.780000	46.381794	-0.00000003020	0.000000009	0.0000030000	-0.010065504
3768296179	46.850000	46.442514	-0.00000002485	0.000000033	0.0000030000	-0.008283016
3768296183	46.930000	46.525609	-0.00000002234	0.000000020	0.0000030000	-0.007447471
3768296187	46.990000	46.587690	-0.00000002483	0.000000015	0.0000030000	-0.008277446
3768296191	47.060000	46.655448	-0.00000002502	0.000000017	0.0000030000	-0.008338719
3768296195	47.120000	46.714528	-0.00000003270	0.000000023	0.0000030000	-0.010901054
3768296199	47.210000	46.763366	-0.00000002650	0.000000009	0.0000030000	-0.008834469
3768296203	47.280000	46.823462	-0.00000003081	0.000000001	0.0000030000	-0.010271603
3768296207	47.340000	46.902966	-0.00000003999	0.000000021	0.0000030000	-0.013329706
3768296212	47.410000	46.962479	-0.00000003028	0.000000016	0.0000030000	-0.010093367
3768296216	47.450000	47.027049	-0.00000002675	0.000000007	0.0000030000	-0.008918033
3768296220	47.540000	47.097237	-0.00000001243	0.000000008	0.0000030000	-0.004144338
3768296224	47.580000	47.149398	-0.00000002208	0.000000015	0.0000030000	-0.007358349
3768296228	47.670000	47.218010	-0.00000003207	0.000000019	0.0000030000	-0.010689379
3768296232	47.730000	47.270726	-0.00000003001	0.000000010	0.0000030000	-0.010004212
3768296236	47.790000	47.533726	-0.00000002679	0.000000017	0.0000030000	-0.008929168
3768296240	47.860000	47.596639	-0.00000002968	0.000000027	0.0000030000	-0.009892827
3768296244	47.940000	47.658490	-0.00000002393	0.000000005	0.0000030000	-0.007976652
3768296248	48.010000	47.726181	-0.00000002532	0.000000010	0.0000030000	-0.008438953
3768296252	48.070000	47.797302	-0.00000003207	0.000000006	0.0000030000	-0.010689373
3768296256	48.140000	47.862191	-0.00000002535	0.000000014	0.0000030000	-0.008450127
3768296260	48.230000	47.919078	-0.00000002453	0.000000016	0.0000030000	-0.008177185
3768296264	48.290000	47.988824	-0.00000002512	0.000000015	0.0000030000	-0.008372146
3768296269	48.360000	48.050811	-0.00000002806	0.000000007	0.0000030000	-0.009352517
3768296273	48.420000	48.109443	-0.00000002428	0.000000013	0.0000030000	-0.008093629
3768296277	48.480000	48.178032	-0.00000003402	0.000000005	0.0000030000	-0.011341104
3768296281	48.550000	48.244332	-0.00000001658	0.000000012	0.0000030000	-0.005525718
3768296285	48.610000	48.306029	-0.00000002921	0.000000011	0.0000030000	-0.009736853
3768296289	48.680000	48.366364	-0.00000002731	0.000000014	0.0000030000	-0.009101849
3768296293	48.740000	48.436032	-0.00000003260	0.000000007	0.0000030000	-0.010867631
3768296297	48.810000	48.500543	-0.00000001414	0.000000026	0.0000030000	-0.004712464
3768296301	48.890000	48.580574	-0.00000002762	0.000000007	0.0000030000	-0.009207659
3768296305	48.960000	48.637872	-0.00000002428	0.000000006	0.0000030000	-0.008093628
3768296309	49.020000	48.704127	-0.00000001437	0.000000020	0.0000030000	-0.004790448
3768296313	49.090000	48.778637	-0.00000003601	0.000000007	0.0000030000	-0.012003948
3768296317	49.150000	48.859464	-0.00000002213	0.000000007	0.0000030000	-0.007375061
3768296321	49.240000	48.920285	-0.00000002752	0.000000020	0.0000030000	-0.009174264
3768296326	49.300000	48.986866	-0.00000002699	0.000000009	0.0000030000	-0.008996012
3768296330	49.370000	49.037813	-0.00000002595	0.000000015	0.0000030000	-0.008650633
3768296334	49.430000	49.105003	-0.00000002343	0.000000007	0.0000030000	-0.007809533
3768296338	49.500000	49.162653	-0.00000002838	0.000000002	0.0000030000	-0.009458348
3768296342	49.540000	49.232012	-0.00000002273	0.000000017	0.0000030000	-0.007575591
3768296346	49.630000	49.289728	-0.00000000983	0.000000011	0.0000030000	-0.003275328
3768296350	49.690000	49.353794	-0.00000001999	0.000000012	0.0000030000	-0.006662063
3768296354	49.760000	49.414661	-0.00000001878	0.000000010	0.0000030000	-0.006261002
3768296358	49.820000	49.477263	-0.00000002692	0.000000009	0.0000030000	-0.008973731
3768296362	49.910000	49.543959	-0.00000002839	0.000000032	0.0000030000	-0.009463863
3768296366	49.970000	49.609002	-0.00000003937	0.000000035	0.0000030000	-0.013123623
3768296370	50.040000	49.694754	-0.00000002079	0.000000016	0.0000030000	-0.006929437
3768296374	50.100000	49.749125	-0.00000001813	0.000000012	0.0000030000	-0.006043763
3768296379	50.170000	49.826064	-0.00000002690	0.000000007	0.0000030000	-0.008968161
3768296383	50.250000	49.876872	-0.00000002510	0.000000005	0.0000030000	-0.008366534
3768296387	50.320000	49.944389	-0.00000003431	0.000000009	0.0000030000	-0.011435807
3768296391	50.380000	49.998323	-0.00000001818	0.000000012	0.0000030000	-0.006060474
3768296395	50.430000	50.065418	-0.00000002179	0.000000005	0.0000030000	-0.007263712
3768296399	50.510000	50.129304	-0.00000002804	0.000000006	0.0000030000	-0.009346938
3768296403	50.580000	50.192330	-0.00000001427	0.000000008	0.0000030000	-0.004757023
3768296407	50.640000	50.251866	-0.00000001016	0.000000020	0.0000030000	-0.003386735
3768296411	50.700000	50.317312	-0.00000002453	0.000000004	0.0000030000	-0.008177187
3768296415	50.770000	50.377148	-0.00000002746	0.000000009	0.0000030000	-0.009151972
3768296419	50.860000	50.444818	-0.00000002465	0.000000006	0.0000030000	-0.008216172
3768296423	50.930000	50.518278	-0.00000001583	0.000000017	0.0000030000	-0.005275062
3768296427	50.990000	50.581834	-0.00000003198	0.000000013	0.0000030000	-0.010661531
3768296431	51.050000	50.639155	-0.00000001633	0.000000021	0.0000030000	-0.005442173
3768296436	51.120000	50.720895	-0.00000001696	0.000000018	0.0000030000	-0.005653842
3768296440	51.200000	50.778495	-0.00000002331	0.000000003	0.0000030000	-0.007770555
3768296444	51.250000	50.833629	-0.00000002223	0.000000010	0.0000030000	-0.007408513
3768296448	51.310000	50.911810	-0.00000002149	0.000000009	0.0000030000	-0.007163353
3768296452	51.380000	50.978638	-0.00000003031	0.000000015	0.0000030000	-0.010104503
3768296456	51.460000	51.041399	-0.00000002020	0.000000014	0.0000030000	-0.006734479
3768296460	51.520000	51.098993	-0.00000002202	0.000000005	0.0000030000	-0.007341639
3768296464	51.590000	51.167942	-0.00000003464	0.000000024	0.0000030000	-0.011547193
3768296468	51.680000	51.240308	-0.00000003339	0.000000003	0.0000030000	-0.011129435
3768296472	51.720000	51.291186	-0.00000004273	0.000000006	0.0000030000	-0.014243227
3768296476	51.790000	51.344310	-0.00000002313	0.000000009	0.0000030000	-0.007709306
3768296480	51.850000	51.406993	-0.00000002744	0.000000007	0.0000030000	-0.009146409
3768296484	51.940000	51.463066	-0.00000002809	0.000000011	0.0000030000	-0.009363651
3768296488	51.980000	51.527693	-0.00000003414	0.000000008	0.0000030000	-0.011380100
3768296493	52.070000	51.596549	-0.00000003197	0.000000010	0.0000030000	-0.010655948
3768296497	52.130000	51.665896	-0.00000001263	0.000000004	0.0000030000	-0.004211118
3768296501	52.200000	51.731357	-0.00000002385	0.000000013	0.0000030000	-0.007948803
3768296505	52.260000	51.806835	-0.00000001720	0.000000017	0.0000030000	-0.005731826
3768296509	52.350000	51.883476	-0.00000002751	0.000000007	0.0000030000	-0.009168694
3768296513	52.410000	51.940748	-0.00000001442	0.000000028	0.0000030000	-0.004807160
3768296517	52.480000	52.017292	-0.00000002010	0.000000021	0.0000030000	-0.006701058
3768296521	52.540000	52.073482	0.00000003765	0.000000092	0.0000030000	0.012549863
3768296525	52.610000	52.138261	-0.00000001840	0.000000011	0.0000030000	-0.006132923
3768296529	52.690000	52.186315	0.00000001260	0.000000026	0.0000030000	0.004200021
3768296533	52.760000	52.274571	-0.00000000702	0.000000003	0.0000030000	-0.002339521
3768296537	52.820000	52.324554	-0.00000000398	0.000000022	0.0000030000	-0.001325728
3768296541	52.890000	52.386432	0.00000000087	0.000000014	0.0000030000	0.000289655
3768296545	52.950000	52.450687	-0.00000001063	0.000000020	0.0000030000	-0.003542724
3768296550	53.040000	52.515072	-0.00000000495	0.000000025	0.0000030000	-0.001648805
3768296554	53.100000	52.576080	-0.00000000396	0.000000013	0.0000030000	-0.001320158
3768296558	53.140000	52.630847	-0.00000001653	0.000000018	0.0000030000	-0.005509028
3768296562	53.210000	52.688804	-0.00000000025	0.000000009	0.0000030000	-0.000083554
3768296566	53.270000	52.766946	0.00000000418	0.000000005	0.0000030000	0.001392572
3768296570	53.360000	52.851807	-0.00000000013	0.000000011	0.0000030000	-0.000044562
3768296574	53.430000	52.908964	-0.00000000306	0.000000028	0.0000030000	-0.001019428
3768296578	53.490000	52.967898	-0.00000000683	0.000000016	0.0000030000	-0.002278291
3768296582	53.560000	53.040465	0.00000000608	0.000000003	0.0000030000	0.002027584
3768296586	53.620000	53.098609	-0.00000001369	0.000000008	0.0000030000	-0.004562064
3768296590	53.690000	53.162967	0.00000000471	0.000000022	0.0000030000	0.001570821
3768296594	53.770000	53.211181	-0.00000000292	0.000000010	0.0000030000	-0.000974801
3768296598	53.840000	53.278639	0.00000000500	0.000000013	0.0000030000	0.001665516
3768296602	53.900000	53.350746	-0.00000000307	0.000000018	0.0000030000	-0.001024933
3768296607	53.960000	53.398498	-0.00000000438	0.000000012	0.0000030000	-0.001459445
3768296611	54.030000	53.461697	0.00000000147	0.000000015	0.0000030000	0.000490188
3768296615	54.120000	53.553742	-0.00000000765	0.000000019	0.0000030000	-0.002551191
3768296619	54.180000	53.601004	-0.00000000217	0.000000003	0.0000030000	-0.000724137
3768296623	54.250000	53.656295	0.00000000785	0.000000015	0.0000030000	0.002618034
3768296627	54.310000	53.722432	0.00000001108	0.000000015	0.0000030000	0.003693139
3768296631	54.380000	53.790181	0.00000001362	0.000000010	0.0000030000	0.004539783
3768296635	54.440000	53.869007	0.00000002112	0.000000008	0.0000030000	0.007040841
3768296639	54.510000	53.925040	0.00000001835	0.000000007	0.0000030000	0.006116188
3768296643	54.570000	53.977008	0.00000001375	0.000000004	0.0000030000	0.004584344
3768296647	54.640000	54.052897	0.00000003120	0.000000006	0.0000030000	0.010399721
3768296651	54.720000	54.108785	0.00000002089	0.000000004	0.0000030000	0.006962857
3768296655	54.770000	54.170702	0.00000001970	0.000000014	0.0000030000	0.006567422
3768296659	54.850000	54.245527	0.00000004006	0.000000021	0.0000030000	0.013351967
3768296664	54.910000	54.310906	0.00000004671	0.000000003	0.0000030000	0.015568954
3768296668	54.980000	54.374759	0.00000004664	0.000000008	0.0000030000	0.015546676
3768296672	55.040000	54.429397	0.00000003529	0.000000003	0.0000030000	0.011764449
3768296676	55.110000	54.494126	0.00000003964	0.000000009	0.0000030000	0.013212725
3768296680	55.170000	54.562454	0.00000006211	0.000000010	0.0000030000	0.020704758
3768296684	55.260000	54.625541	0.00000004997	0.000000009	0.0000030000	0.016655157
3768296688	55.300000	54.671230	0.00000005804	0.000000019	0.0000030000	0.019345624
3768296692	55.390000	54.736573	0.00000007999	0.000000008	0.0000030000	0.026664955
3768296696	55.460000	54.818320	0.00000007782	0.000000009	0.0000030000	0.025940830
3768296700	55.540000	54.892257	0.00000007364	0.000000010	0.0000030000	0.024548259
3768296704	55.600000	54.953040	0.00000009896	0.000000003	0.0000030000	0.032987235
3768296708	55.670000	55.021117	0.00000011034	0.000000013	0.0000030000	0.036780573
3768296712	55.710000	55.082529	0.00000011965	0.000000004	0.0000030000	0.039883230
3768296716	55.800000	55.159855	0.00000011937	0.000000011	0.0000030000	0.039788523
3768296721	55.860000	55.215563	0.00000012934	0.000000011	0.0000030000	0.043114031
3768296725	55.930000	55.267641	0.00000013464	0.000000022	0.0000030000	0.044879777
3768296729	55.990000	55.329376	0.00000014985	0.000000013	0.0000030000	0.049948747
3768296733	56.060000	55.401374	0.00000016196	0.000000007	0.0000030000	0.053987213
3768296737	56.120000	55.460810	0.00000017294	0.000000007	0.0000030000	0.057646871
3768296741	56.210000	55.505561	0.00000018917	0.000000013	0.0000030000	0.063055672
3768296745	56.280000	55.561155	0.00000021940	0.000000014	0.0000030000	0.073132277
3768296749	56.340000	55.622105	0.00000021470	0.000000023	0.0000030000	0.071567012
3768296753	56.410000	55.701412	0.00000023758	0.000000020	0.0000030000	0.079192726
3768296757	56.490000	55.757727	0.00000024423	0.000000010	0.0000030000	0.081409684
3768296761	56.530000	55.824799	0.00000026383	0.000000010	0.0000030000	0.087943633
3768296765	56.600000	55.911984	0.00000027132	0.000000010	0.0000030000	0.090439105
3768296769	56.680000	55.950176	0.00000029809	0.000000010	0.0000030000	0.099362674
3768296773	56.730000	56.022957	0.00000031477	0.000000008	0.0000030000	0.104921896
3768296778	56.810000	56.102652	0.00000031313	0.000000006	0.0000030000	0.104375971
3768296782	56.880000	56.143767	0.00000034563	0.000000015	0.0000030000	0.115210205
3768296786	56.940000	56.216817	0.00000036782	0.000000005	0.0000030000	0.122607529
3768296790	57.010000	56.278933	0.00000039001	0.000000014	0.0000030000	0.130004886
3768296794	57.100000	56.355884	0.00000041466	0.000000004	0.0000030000	0.138221033
3768296798	57.160000	56.423045	0.00000043136	0.000000020	0.0000030000	0.143785727
3768296802	57.220000	56.468213	0.00000045570	0.000000015	0.0000030000	0.151901623
3768296806	57.290000	56.544851	0.00000048089	0.000000020	0.0000030000	0.160296064
3768296810	57.350000	56.600912	0.00000050579	0.000000007	0.0000030000	0.168595813
3768296814	57.420000	56.678541	0.00000054578	0.000000006	0.0000030000	0.181925529
3768296818	57.480000	56.724460	0.00000056956	0.000000004	0.0000030000	0.189852020
3768296822	57.550000	56.787199	0.00000058683	0.000000004	0.0000030000	0.195611658
3768296826	57.610000	56.832701	0.00000063859	0.000000029	0.0000030000	0.212862837
3768296830	57.700000	57.093690	0.00000067465	0.000000019	0.0000030000	0.224883523
3768296835	57.770000	57.140851	0.00000069088	0.000000012	0.0000030000	0.230292279
3768296839	57.830000	57.211891	0.00000072188	0.000000008	0.0000030000	0.240625222
3768296843	57.900000	57.279248	0.00000075468	0.000000011	0.0000030000	0.251559767
3768296847	57.960000	57.328246	0.00000080224	0.000000015	0.0000030000	0.267412757
3768296851	58.030000	57.390210	0.00000082826	0.000000010	0.0000030000	0.276085621
3768296855	58.110000	57.461641	0.00000087874	0.000000012	0.0000030000	0.292913297
3768296859	58.150000	57.531467	0.00000093810	0.000000007	0.0000030000	0.312699077
3768296863	58.240000	57.584822	0.00000096452	0.000000016	0.0000030000	0.321505731
3768296867	58.300000	57.651053	0.00000102939	0.000000023	0.0000030000	0.343129551
3768296871	58.370000	57.717712	0.00000108097	0.000000017	0.0000030000	0.360324991
3768296875	58.430000	57.786391	0.00000113064	0.000000009	0.0000030000	0.376879794
3768296879	58.500000	57.823836	0.00000118316	0.000000019	0.0000030000	0.394387124
3768296883	58.590000	57.897349	0.00000124265	0.000000008	0.0000030000	0.414217443
3768296888	58.630000	57.977219	0.00000129576	0.000000008	0.0000030000	0.431919953
3768296892	58.720000	58.034892	0.00000136874	0.000000020	0.0000030000	0.456245407
3768296896	58.780000	58.104361	0.00000142806	0.000000017	0.0000030000	0.476020029
3768296900	58.850000	58.151440	0.00000149606	0.000000017	0.0000030000	0.498685320
3768296904	58.910000	58.229818	0.00000154998	0.000000022	0.0000030000	0.516660424
3768296908	58.990000	58.292612	0.00000164368	0.000000018	0.0000030000	0.547893009
3768296912	59.040000	58.350396	0.00000171039	0.000000026	0.0000030000	0.570129712
3768296916	59.120000	58.411047	0.00000179829	0.000000022	0.0000030000	0.599429207
3768296920	59.190000	58.454716	0.00000188296	0.000000021	0.0000030000	0.627654172
3768296924	59.250000	58.531813	0.00000196695	0.000000019	0.0000030000	0.655650198
3768296928	59.320000	58.589202	0.00000207029	0.000000038	0.0000030000	0.690096771
3768296932	59.380000	58.649152	0.00000214287	0.000000011	0.0000030000	0.714288588
3768296936	59.450000	58.725881	0.00000224627	0.000000022	0.0000030000	0.748757854
3768296940	59.540000	58.782128	0.00000235184	0.000000018	0.0000030000	0.783945663
3768296945	59.600000	58.845313	0.00000246335	0.000000032	0.0000030000	0.821116051
3768296949	59.670000	58.912382	0.00000259495	0.000000038	0.0000030000	0.864982349
3768296953	59.730000	58.964954	0.00000267377	0.000000042	0.0000030000	0.891257193
3768296957	59.790000	59.029791	0.00000281082	0.000000030	0.0000030000	0.936938813
3768296961	59.860000	59.104041	0.00000293033	0.000000022	0.0000030000	0.976777206
3768296965	59.940000	59.166393	0.00000306759	0.000000036	0.0000030000	1.022531052
3768296969	59.990000	59.226425	0.00000319256	0.000000032	0.0000030000	1.064185441
3768296973	60.050000	59.270858	0.00000334989	0.000000030	0.0000030000	1.116629606
3768296977	60.130000	59.347798	0.00000349577	0.000000038	0.0000030000	1.165258287
3768296981	60.190000	59.412232	0.00000364589	0.000000031	0.0000030000	1.215296659
3768296985	60.250000	59.482157	0.00000380239	0.000000050	0.0000030000	1.267462994
3768296989	60.320000	59.551915	0.00000397653	0.000000047	0.0000030000	1.325510906
3768296993	60.400000	59.616541	0.00000414376	0.000000040	0.0000030000	1.381252600
3768296997	60.460000	59.684146	0.00000433815	0.000000058	0.0000030000	1.446051410
3768297002	60.520000	59.745941	0.00000454694	0.000000050	0.0000030000	1.515646655
3768297006	60.600000	59.810734	0.00000475599	0.000000049	0.0000030000	1.585330987
3768297010	60.670000	59.875328	0.00000498467	0.000000059	0.0000030000	1.661555247
3768297014	60.750000	59.943270	0.00000520268	0.000000051	0.0000030000	1.734225273
3768297018	60.810000	60.023402	0.00000538942	0.000000057	0.0000030000	1.796473696
3768297022	60.890000	60.081817	0.00000563335	0.000000058	0.0000030000	1.877782892
3768297026	60.930000	60.159842	0.00000587594	0.000000049	0.0000030000	1.958646879
3768297030	61.010000	60.219901	0.00000613335	0.000000063	0.0000030000	2.044451533
3768297034	61.080000	60.287985	0.00000639568	0.000000057	0.0000030000	2.131893623
3768297038	61.160000	60.371326	0.00000667928	0.000000071	0.0000030000	2.226427411
3768297042	61.220000	60.439773	0.00000696046	0.000000068	0.0000030000	2.320153438
3768297046	61.280000	60.486842	0.00000723992	0.000000072	0.0000030000	2.413305616
3768297050	61.360000	60.548295	0.00000755393	0.000000064	0.0000030000	2.517976102
3768297054	61.430000	60.626690	0.00000788233	0.000000085	0.0000030000	2.627444068
3768297059	61.490000	60.689380	0.00000820641	0.000000063	0.0000030000	2.735468842
3768297063	61.550000	60.753493	0.00000853163	0.000000085	0.0000030000	2.843877862
3768297067	61.630000	60.808786	0.00000887969	0.000000084	0.0000030000	2.959896080
3768297071	61.690000	60.875741	0.00000921755	0.000000084	0.0000030000	3.072515211
3768297075	61.780000	60.938332	0.00000958448	0.000000094	0.0000030000	3.194828083
3768297079	61.840000	60.992719	0.00000994928	0.000000079	0.0000030000	3.316426768
3768297083	61.900000	61.063025	0.00001033244	0.000000104	0.0000030000	3.444147629
3768297087	61.960000	61.130234	0.00001074373	0.000000106	0.0000030000	3.581244439
3768297091	62.020000	61.200219	0.00001115068	0.000000098	0.0000030000	3.716891764
3768297095	62.080000	61.269053	0.00001157228	0.000000099	0.0000030000	3.857425412
3768297099	62.160000	61.338026	0.00001200390	0.000000103	0.0000030000	4.001301079
3768297103	62.230000	61.400123	0.00001242619	0.000000110	0.0000030000	4.142062799
3768297107	62.290000	61.459817	0.00001289024	0.000000120	0.0000030000	4.296745188
3768297111	62.370000	61.524447	0.00001337013	0.000000112	0.0000030000	4.456711650
3768297116	62.430000	61.601452	0.00001386157	0.000000120	0.0000030000	4.620523194
3768297120	62.490000	61.653798	0.00001437406	0.000000118	0.0000030000	4.791352178
3768297124	62.570000	61.727628	0.00001487018	0.000000141	0.0000030000	4.956727456
3768297128	62.640000	61.794478	0.00001540668	0.000000129	0.0000030000	5.135561117
3768297132	62.700000	61.844250	0.00001595740	0.000000142	0.0000030000	5.319134456
3768297136	62.780000	61.930631	0.00001652151	0.000000139	0.0000030000	5.507171639
3768297140	62.840000	61.995043	0.00001706577	0.000000138	0.0000030000	5.688591244
3768297144	62.900000	62.041868	0.00001764151	0.000000154	0.0000030000	5.880503822
3768297148	62.990000	62.120997	0.00001821378	0.000000158	0.0000030000	6.071259272
3768297152	63.050000	62.182515	0.00001885290	0.000000147	0.0000030000	6.284300861
3768297156	63.110000	62.248407	0.00001946805	0.000000154	0.0000030000	6.489348683
3768297160	63.170000	62.342482	0.00002011021	0.000000161	0.0000030000	6.703403344
3768297164	63.250000	62.404664	0.00002077612	0.000000150	0.0000030000	6.925372861
3768297168	63.320000	62.447019	0.00002143618	0.000000150	0.0000030000	7.145392472
3768297173	63.370000	62.521169	0.00002210838	0.000000172	0.0000030000	7.369458756
3768297177	63.440000	62.592879	0.00002278838	0.000000172	0.0000030000	7.596126361
3768297181	63.520000	62.666402	0.00002349525	0.000000177	0.0000030000	7.831748906
3768297185	63.580000	62.725311	0.00002421625	0.000000170	0.0000030000	8.072083517
3768297189	63.670000	62.773417	0.00002494631	0.000000165	0.0000030000	8.315437417
3768297193	63.720000	62.842796	0.00002567967	0.000000186	0.0000030000	8.559890894
3768297197	63.780000	62.897411	0.00002646132	0.000000182	0.0000030000	8.820440650
3768297201	63.870000	62.974359	0.00002722170	0.000000174	0.0000030000	9.073900550
3768297205	63.930000	63.031906	0.00002801352	0.000000187	0.0000030000	9.337840922
3768297209	63.990000	63.094211	0.00002882401	0.000000198	0.0000030000	9.608004061
3768297213	64.050000	63.161668	0.00002964806	0.000000206	0.0000030000	9.882686100
3768297217	64.130000	63.247057	0.00003049055	0.000000197	0.0000030000	10.163516783
3768297221	64.200000	63.311838	0.00003134329	0.000000215	0.0000030000	10.447764894
3768297225	64.260000	63.372622	0.00003221132	0.000000194	0.0000030000	10.737106439
3768297230	64.340000	63.433812	0.00003309754	0.000000211	0.0000030000	11.032513428
3768297234	64.400000	63.507795	0.00003398404	0.000000217	0.0000030000	11.328014372
3768297238	64.460000	63.567638	0.00003489675	0.000000226	0.0000030000	11.632251239
3768297242	64.550000	63.647258	0.00003581457	0.000000208	0.0000030000	11.938189544
3768297246	64.610000	63.708070	0.00003674553	0.000000224	0.0000030000	12.248510983
3768297250	64.670000	63.782381	0.00003772295	0.000000236	0.0000030000	12.574315733
3768297254	64.750000	63.829366	0.00003870752	0.000000233	0.0000030000	12.902505133
3768297258	64.810000	63.900968	0.00003969945	0.000000246	0.0000030000	13.233149133
3768297262	64.880000	63.966305	0.00004070976	0.000000246	0.0000030000	13.569921300
3768297266	64.940000	64.007476	0.00004169471	0.000000253	0.0000030000	13.898235533
3768297270	65.020000	64.092059	0.00004273096	0.000000247	0.0000030000	14.243652567
3768297274	65.080000	64.142229	0.00004373531	0.000000217	0.0000030000	14.578436083
3768297278	65.140000	64.198974	0.00004479709	0.000000246	0.0000030000	14.932363433
3768297282	65.200000	64.272509	0.00004588825	0.000000264	0.0000030000	15.296082911
3768297287	65.260000	64.362627	0.00004695744	0.000000260	0.0000030000	15.652480039
3768297291	65.340000	64.426135	0.00004805053	0.000000268	0.0000030000	16.016843922
3768297295	65.410000	64.502601	0.00004916223	0.000000279	0.0000030000	16.387410833
3768297299	65.490000	64.556253	0.00005028851	0.000000272	0.0000030000	16.762836083
3768297303	65.550000	64.617490	0.00005146016	0.000000269	0.0000030000	17.153386033
3768297307	65.640000	64.679493	0.00005262316	0.000000281	0.0000030000	17.541051906
3768297311	65.690000	64.739938	0.00005380184	0.000000283	0.0000030000	17.933946278
3768297315	65.760000	64.806657	0.00005501270	0.000000293	0.0000030000	18.337568044
3768297319	65.820000	64.862914	0.00005623179	0.000000305	0.0000030000	18.743928906
3768297323	65.900000	64.929230	0.00005747258	0.000000298	0.0000030000	19.157525117
3768297327	65.960000	64.991533	0.00005871556	0.000000293	0.0000030000	19.571854100
3768297331	66.020000	65.043676	0.00005997299	0.000000296	0.0000030000	19.990996600
3768297335	66.090000	65.113148	0.00006123654	0.000000305	0.0000030000	20.412179422
3768297339	66.170000	65.162049	0.00006253676	0.000000309	0.0000030000	20.845586822
3768297344	66.230000	65.234881	0.00006382875	0.000000318	0.0000030000	21.276251450
3768297348	66.290000	65.326144	0.00006515795	0.000000330	0.0000030000	21.719317456
3768297352	66.350000	65.375220	0.00006648006	0.000000312	0.0000030000	22.160018656
3768297356	66.440000	65.433255	0.00006781007	0.000000329	0.0000030000	22.603356411
3768297360	66.500000	65.504037	0.00006921107	0.000000324	0.0000030000	23.070356222
3768297364	66.560000	65.580522	0.00007057776	0.000000335	0.0000030000	23.525918994
3768297368	66.620000	65.643772	0.00007198714	0.000000335	0.0000030000	23.995713778
3768297372	66.700000	65.696106	0.00007340734	0.000000345	0.0000030000	24.469112294
3768297376	66.770000	65.772718	0.00007486403	0.000000355	0.0000030000	24.954675133
3768297380	66.820000	65.822164	0.00007632221	0.000000357	0.0000030000	25.440735889
3768297384	66.910000	65.889401	0.00007777821	0.000000351	0.0000030000	25.926069667
3768297388	66.970000	65.941097	0.00007924533	0.000000367	0.0000030000	26.415108789
3768297392	67.050000	66.014518	0.00008077579	0.000000366	0.0000030000	26.925263672
3768297396	67.110000	66.065440	0.00008231102	0.000000366	0.0000030000	27.437007706
3768297401	67.170000	66.151363	0.00008383670	0.000000361	0.0000030000	27.945567933
3768297405	67.230000	66.209134	0.00008537316	0.000000374	0.0000030000	28.457719800
3768297409	67.320000	66.275458	0.00008696078	0.000000376	0.0000030000	28.986928128
3768297413	67.380000	66.515129	0.00008855660	0.000000388	0.0000030000	29.518865006
3768297417	67.460000	66.595562	0.00009016386	0.000000388	0.0000030000	30.054618561
3768297421	67.520000	66.662596	0.00009176786	0.000000386	0.0000030000	30.589287067
3768297425	67.580000	66.720320	0.00009337871	0.000000385	0.0000030000	31.126238100
3768297429	67.650000	66.778152	0.00009502521	0.000000400	0.0000030000	31.675071261
3768297433	67.730000	66.839971	0.00009667071	0.000000400	0.0000030000	32.223568556
3768297437	67.790000	66.930801	0.00009834298	0.000000413	0.0000030000	32.780993428
3768297441	67.850000	66.998921	0.00010004353	0.000000401	0.0000030000	33.347845000
3768297445	67.910000	67.050570	0.00010174953	0.000000411	0.0000030000	33.916508433
3768297449	68.000000	67.102281	0.00010346658	0.000000406	0.0000030000	34.488860544
3768297453	68.060000	67.175711	0.00010518874	0.000000410	0.0000030000	35.062914556
3768297458	68.140000	67.231243	0.00010690484	0.000000424	0.0000030000	35.634947778
3768297462	68.200000	67.286434	0.00010864992	0.000000426	0.0000030000	36.216639611
3768297466	68.260000	67.367163	0.00011041197	0.000000427	0.0000030000	36.803990167
3768297470	68.330000	67.410447	0.00011219851	0.000000429	0.0000030000	37.399501944
3768297474	68.410000	67.496063	0.00011397153	0.000000419	0.0000030000	37.990510667
3768297478	68.470000	67.572392	0.00011573037	0.000000427	0.0000030000	38.576789444
3768297482	68.530000	67.623336	0.00011753037	0.000000435	0.0000030000	39.176789389
3768297486	68.590000	67.686840	0.00011936731	0.000000438	0.0000030000	39.789103944
3768297490	68.670000	67.756850	0.00012123418	0.000000445	0.0000030000	40.411393778
3768297494	68.740000	67.827750	0.00012310244	0.000000456	0.0000030000	41.034147056
3768297498	68.790000	67.891285	0.00012497449	0.000000444	0.0000030000	41.658163667
3768297502	68.880000	67.945672	0.00012686800	0.000000439	0.0000030000	42.289332500
3768297506	68.940000	68.019491	0.00012875169	0.000000453	0.0000030000	42.917231278
3768297510	69.000000	68.078401	0.00013066843	0.000000448	0.0000030000	43.556142278
3768297515	69.080000	68.153249	0.00013258026	0.000000471	0.0000030000	44.193418611
3768297519	69.140000	68.216716	0.00013454490	0.000000472	0.0000030000	44.848299667
3768297523	69.210000	68.292285	0.00013651313	0.000000479	0.0000030000	45.504376611
3768297527	69.290000	68.339711	0.00013848415	0.000000482	0.0000030000	46.161383222
3768297531	69.350000	68.406860	0.00014050369	0.000000474	0.0000030000	46.834563722
3768297535	69.410000	68.454484	0.00014250352	0.000000481	0.0000030000	47.501174611
3768297539	69.470000	68.541741	0.00014454215	0.000000493	0.0000030000	48.180717722
3768297543	69.540000	68.620388	0.00014656808	0.000000497	0.0000030000	48.856026000
3768297547	69.600000	68.652400	0.00014863069	0.000000509	0.0000030000	49.543562389
3768297551	69.680000	68.745005	0.00015073485	0.000000503	0.0000030000	50.244950611
3768297555	69.760000	68.811159	0.00015285475	0.000000510	0.0000030000	50.951583389
3768297559	69.820000	68.850942	0.00015497554	0.000000509	0.0000030000	51.658512000
3768297563	69.880000	68.920561	0.00015710535	0.000000508	0.0000030000	52.368451556
3768297567	69.950000	69.004864	0.00015924262	0.000000503	0.0000030000	53.080873389
3768297572	70.030000	69.055837	0.00016140534	0.000000528	0.0000030000	53.801781333
3768297576	70.090000	69.105092	0.00016361407	0.000000529	0.0000030000	54.538024000
3768297580	70.150000	69.172324	0.00016583845	0.000000550	0.0000030000	55.279483778
3768297584	70.230000	69.231273	0.00016807357	0.000000543	0.0000030000	56.024523611
3768297588	70.300000	69.308686	0.00017031567	0.000000541	0.0000030000	56.771889278
3768297592	70.360000	69.371203	0.00017261402	0.000000550	0.0000030000	57.538006111
3768297596	70.420000	69.426099	0.00017493003	0.000000581	0.0000030000	58.310009722
3768297600	70.500000	69.494009	0.00017731211	0.000000574	0.0000030000	59.104036778
3768297604	70.560000	69.547185	0.00017969533	0.000000561	0.0000030000	59.898442833
3768297608	70.650000	69.624444	0.00018209238	0.000000570	0.0000030000	60.697460611
3768297612	70.700000	69.689795	0.00018447671	0.000000579	0.0000030000	61.492237500
3768297616	70.770000	69.753811	0.00018690014	0.000000586	0.0000030000	62.300047667
3768297620	70.830000	69.805527	0.00018937756	0.000000593	0.0000030000	63.125854944
3768297624	70.910000	69.878633	0.00019187993	0.000000598	0.0000030000	63.959977889
3768297629	70.970000	69.945245	0.00019437763	0.000000604	0.0000030000	64.792542000
3768297633	71.030000	69.990600	0.00019691430	0.000000612	0.0000030000	65.638099500
3768297637	71.100000	70.062979	0.00019947459	0.000000612	0.0000030000	66.491529500
3768297641	71.180000	70.130721	0.00020202229	0.000000607	0.0000030000	67.340762278
3768297645	71.240000	70.204553	0.00020462089	0.000000608	0.0000030000	68.206964556
3768297649	71.320000	70.264416	0.00020723108	0.000000620	0.0000030000	69.077027000
3768297653	71.380000	70.305381	0.00020983119	0.000000623	0.0000030000	69.943729222
3768297657	71.440000	70.379598	0.00021245812	0.000000633	0.0000030000	70.819372944
3768297661	71.510000	70.434549	0.00021507227	0.000000626	0.0000030000	71.690756556
3768297665	71.590000	70.506613	0.00021771515	0.000000637	0.0000030000	72.571717722
3768297669	71.650000	70.593763	0.00022040039	0.000000643	0.0000030000	73.466797389
3768297673	71.710000	70.640005	0.00022313126	0.000000655	0.0000030000	74.377087778
3768297677	71.790000	70.701898	0.00022587792	0.000000658	0.0000030000	75.292640500
3768297681	71.860000	70.768013	0.00022864459	0.000000665	0.0000030000	76.214862222
3768297686	71.920000	70.831256	0.00023142970	0.000000665	0.0000030000	77.143233111
3768297690	71.980000	70.905091	0.00023423834	0.000000675	0.0000030000	78.079447056
3768297694	72.060000	70.959247	0.00023706449	0.000000674	0.0000030000	79.021497722
3768297698	72.120000	71.034883	0.00023992733	0.000000687	0.0000030000	79.975775389
3768297702	72.180000	71.094884	0.00024281639	0.000000690	0.0000030000	80.938796500
3768297706	72.270000	71.162155	0.00024569580	0.000000701	0.0000030000	81.898600667
3768297710	72.320000	71.224656	0.00024859069	0.000000692	0.0000030000	82.863563167
3768297714	72.410000	71.290696	0.00025152930	0.000000708	0.0000030000	83.843101611
3768297718	72.470000	71.362129	0.00025445021	0.000000703	0.0000030000	84.816737000
3768297722	72.530000	71.428835	0.00025737770	0.000000699	0.0000030000	85.792568222
3768297726	72.590000	71.502087	0.00026030957	0.000000700	0.0000030000	86.769857722
3768297730	72.650000	71.570165	0.00026321983	0.000000689	0.0000030000	87.739942778
3768297734	72.740000	71.636187	0.00026614684	0.000000713	0.0000030000	88.715613278
3768297738	72.800000	71.680919	0.00026914171	0.000000722	0.0000030000	89.713903556
3768297743	72.860000	71.749787	0.00027215993	0.000000727	0.0000030000	90.719976389
3768297747	72.940000	71.827511	0.00027519427	0.000000722	0.0000030000	91.731422167
3768297751	73.000000	71.889491	0.00027819869	0.000000713	0.0000030000	92.732896167
3768297755	73.070000	71.935682	0.00028121561	0.000000738	0.0000030000	93.738536889
3768297759	73.130000	71.988753	0.00028424452	0.000000720	0.0000030000	94.748172611
3768297763	73.210000	72.056364	0.00028731468	0.000000735	0.0000030000	95.771558611
3768297767	73.270000	72.113092	0.00029037454	0.000000715	0.0000030000	96.791511944
3768297771	73.330000	72.148520	0.00029339340	0.000000732	0.0000030000	97.797800944
3768297775	73.420000	72.236357	0.00029642047	0.000000714	0.0000030000	98.806822944
3768297779	73.480000	72.298317	0.00029944647	0.000000728	0.0000030000	99.815489611
3768297783	73.560000	72.371178	0.00030247668	0.000000721	0.0000030000	100.825560889
3768297787	73.600000	72.440356	0.00030551276	0.000000725	0.0000030000	101.837587722
3768297791	73.680000	72.507406	0.00030858551	0.000000723	0.0000030000	102.861836833
3768297795	73.750000	72.548418	0.00031163001	0.000000733	0.0000030000	103.876669167
3768297799	73.830000	72.611102	0.00031466791	0.000000723	0.0000030000	104.889304833
3768297804	73.890000	72.672041	0.00031769568	0.000000739	0.0000030000	105.898559667
3768297808	73.950000	72.731572	0.00032074495	0.000000755	0.0000030000	106.914984333
3768297812	74.030000	72.817586	0.00032383550	0.000000737	0.0000030000	107.945165111
3768297816	74.090000	72.893850	0.00032690148	0.000000730	0.0000030000	108.967161222
3768297820	74.150000	72.931858	0.00032994007	0.000000724	0.0000030000	109.980022056
3768297824	74.240000	73.001878	0.00033293008	0.000000717	0.0000030000	110.976692167
3768297828	74.300000	73.071211	0.00033587497	0.000000697	0.0000030000	111.958324778
3768297832	74.360000	73.117522	0.00033878459	0.000000683	0.0000030000	112.928197833
3768297836	74.420000	73.185568	0.00034165717	0.000000692	0.0000030000	113.885724778
3768297840	74.480000	73.242884	0.00034457042	0.000000695	0.0000030000	114.856807722
3768297844	74.540000	73.299929	0.00034743800	0.000000691	0.0000030000	115.812665111
3768297848	74.630000	73.357439	0.00035033906	0.000000697	0.0000030000	116.779688222
3768297852	74.690000	73.413128	0.00035326129	0.000000696	0.0000030000	117.753761722
3768297856	74.750000	73.488660	0.00035616704	0.000000706	0.0000030000	118.722346556
3768297861	74.830000	73.566362	0.00035909035	0.000000703	0.0000030000	119.696783167
3768297865	74.910000	73.626551	0.00036199302	0.000000704	0.0000030000	120.664338444
3768297869	74.960000	73.693378	0.00036488897	0.000000697	0.0000030000	121.629656667
3768297873	75.040000	73.768491	0.00036777029	0.000000685	0.0000030000	122.590097278
3768297877	75.100000	73.819689	0.00037067150	0.000000699	0.0000030000	123.557165611
3768297881	75.180000	73.895814	0.00037357935	0.000000688	0.0000030000	124.526449944
3768297885	75.240000	73.961235	0.00037644696	0.000000686	0.0000030000	125.482321000
3768297889	75.320000	74.014659	0.00037925632	0.000000650	0.0000030000	126.418771667
3768297893	75.390000	74.085003	0.00038200587	0.000000669	0.0000030000	127.335288556
3768297897	75.450000	74.129593	0.00038474454	0.000000656	0.0000030000	128.248180389
3768297901	75.510000	74.219415	0.00038746730	0.000000639	0.0000030000	129.155767833
3768297905	75.590000	74.278766	0.00039014654	0.000000634	0.0000030000	130.048846889
3768297909	75.630000	74.332278	0.00039281968	0.000000612	0.0000030000	130.939891944
3768297913	75.720000	74.390245	0.00039548602	0.000000638	0.0000030000	131.828674500
3768297918	75.770000	74.467478	0.00039811462	0.000000618	0.0000030000	132.704872111
3768297922	75.840000	74.531787	0.00040073600	0.000000615	0.0000030000	133.578667556
3768297926	75.920000	74.597406	0.00040334139	0.000000638	0.0000030000	134.447131611
3768297930	75.980000	74.660778	0.00040595895	0.000000619	0.0000030000	135.319648556
3768297934	76.040000	74.725033	0.00040853144	0.000000602	0.0000030000	136.177145000
3768297938	76.100000	74.781191	0.00041101510	0.000000591	0.0000030000	137.005032222
3768297942	76.170000	74.820110	0.00041352308	0.000000610	0.0000030000	137.841025722
3768297946	76.270000	74.909945	0.00041604285	0.000000600	0.0000030000	138.680950444
3768297950	76.310000	74.966789	0.00041851797	0.000000589	0.0000030000	139.505990056
3768297954	76.390000	75.001574	0.00042099649	0.000000593	0.0000030000	140.332163000
3768297958	76.450000	75.061726	0.00042344491	0.000000583	0.0000030000	141.148304556
3768297962	76.520000	75.159717	0.00042588512	0.000000595	0.0000030000	141.961706667
3768297966	76.600000	75.217780	0.00042833393	0.000000581	0.0000030000	142.777976500
3768297970	76.660000	75.275893	0.00043078313	0.000000582	0.0000030000	143.594375000
3768297975	76.720000	75.345337	0.00043319430	0.000000572	0.0000030000	144.398099056
3768297979	76.800000	75.587773	0.00043555056	0.000000551	0.0000030000	145.183519111
3768297983	76.860000	75.653998	0.00043783921	0.000000542	0.0000030000	145.946402056
3768297987	76.930000	75.711169	0.00044010799	0.000000552	0.0000030000	146.702661778
3768297991	77.010000	75.768432	0.00044240095	0.000000548	0.0000030000	147.466984389
3768297995	77.070000	75.834192	0.00044468102	0.000000540	0.0000030000	148.227005889
3768297999	77.130000	75.883668	0.00044692516	0.000000530	0.0000030000	148.975053000
3768298003	77.210000	75.973278	0.00044910514	0.000000515	0.0000030000	149.701712944
3768298007	77.280000	75.999711	0.00045125392	0.000000510	0.0000030000	150.417974722
3768298011	77.340000	76.049819	0.00045340086	0.000000511	0.0000030000	151.133619500
3768298015	77.400000	76.123334	0.00045553603	0.000000515	0.0000030000	151.845344444
3768298019	77.480000	76.199833	0.00045770200	0.000000516	0.0000030000	152.567333000
3768298023	77.530000	76.261148	0.00045988374	0.000000516	0.0000030000	153.294581611
3768298027	77.590000	76.320933	0.00046204282	0.000000510	0.0000030000	154.014273389
3768298032	77.670000	76.383263	0.00046420916	0.000000530	0.0000030000	154.736388222
3768298036	77.730000	76.442449	0.00046641361	0.000000527	0.0000030000	155.471202278
3768298040	77.810000	76.506235	0.00046860993	0.000000523	0.0000030000	156.203310333
3768298044	77.880000	76.578474	0.00047079083	0.000000512	0.0000030000	156.930276444
3768298048	77.940000	76.664873	0.00047292576	0.000000502	0.0000030000	157.641918889
3768298052	78.000000	76.728881	0.00047502788	0.000000508	0.0000030000	158.342626389
3768298056	78.090000	76.797866	0.00047713364	0.000000497	0.0000030000	159.044546722
3768298060	78.150000	76.864150	0.00047918723	0.000000499	0.0000030000	159.729077944
3768298064	78.210000	76.943913	0.00048124370	0.000000482	0.0000030000	160.414565056
3768298068	78.290000	77.018192	0.00048326871	0.000000480	0.0000030000	161.089570444
3768298072	78.360000	77.073855	0.00048524483	0.000000467	0.0000030000	161.748276667
3768298076	78.420000	77.144315	0.00048714441	0.000000439	0.0000030000	162.381468722
3768298080	78.480000	77.209205	0.00048902798	0.000000450	0.0000030000	163.009326833
3768298084	78.560000	77.265199	0.00049093379	0.000000457	0.0000030000	163.644598167
3768298088	78.620000	77.342196	0.00049280269	0.000000451	0.0000030000	164.267562667
3768298093	78.690000	77.397141	0.00049463425	0.000000434	0.0000030000	164.878083333
3768298097	78.770000	77.468670	0.00049642255	0.000000417	0.0000030000	165.474184389
3768298101	78.830000	77.532075	0.00049818614	0.000000424	0.0000030000	166.062046667
3768298105	78.890000	77.618913	0.00049992723	0.000000413	0.0000030000	166.642410944
3768298109	78.970000	77.678799	0.00050166441	0.000000416	0.0000030000	167.221470111
3768298113	79.020000	77.738384	0.00050341182	0.000000410	0.0000030000	167.803939889
3768298117	79.100000	77.809909	0.00050512265	0.000000418	0.0000030000	168.374216056
3768298121	79.160000	77.870951	0.00050680866	0.000000406	0.0000030000	168.936220722
3768298125	79.240000	77.924695	0.00050850724	0.000000391	0.0000030000	169.502413722
3768298129	79.300000	77.987932	0.00051017130	0.000000392	0.0000030000	170.057098444
3768298133	79.370000	78.043500	0.00051179301	0.000000390	0.0000030000	170.597668778
3768298137	79.430000	78.131745	0.00051340830	0.000000383	0.0000030000	171.136101500
3768298141	79.500000	78.198252	0.00051502126	0.000000385	0.0000030000	171.673751778
3768298145	79.570000	78.271929	0.00051658012	0.000000376	0.0000030000	172.193373944
3768298150	79.640000	78.300963	0.00051815848	0.000000380	0.0000030000	172.719493333
3768298154	79.700000	78.376955	0.00051972405	0.000000364	0.0000030000	173.241351667
3768298158	79.780000	78.449769	0.00052123807	0.000000369	0.0000030000	173.746022278
3768298162	79.830000	78.496858	0.00052275052	0.000000344	0.0000030000	174.250174333
3768298166	79.920000	78.603887	0.00052422467	0.000000356	0.0000030000	174.741555611
3768298170	79.990000	78.674432	0.00052570865	0.000000350	0.0000030000	175.236215444
3768298174	80.050000	78.760426	0.00052714132	0.000000358	0.0000030000	175.713772444
3768298178	80.130000	78.784044	0.00052858009	0.000000331	0.0000030000	176.193362944
3768298182	80.180000	78.843715	0.00052997631	0.000000338	0.0000030000	176.658771500
3768298186	80.240000	78.919311	0.00053135931	0.000000331	0.0000030000	177.119769278
3768298190	80.320000	78.993785	0.00053272914	0.000000339	0.0000030000	177.576380500
3768298194	80.380000	79.050492	0.00053409769	0.000000327	0.0000030000	178.032564222
3768298198	80.470000	79.111846	0.00053543149	0.000000313	0.0000030000	178.477161889
3768298202	80.530000	79.186746	0.00053673868	0.000000312	0.0000030000	178.912894722
3768298207	80.590000	79.248363	0.00053802081	0.000000306	0.0000030000	179.340270500
3768298211	80.650000	79.310101	0.00053929519	0.000000308	0.0000030000	179.765063278
3768298215	80.730000	79.377809	0.00054057814	0.000000308	0.0000030000	180.192714111
3768298219	80.780000	79.446883	0.00054184779	0.000000301	0.0000030000	180.615931000
3768298223	80.860000	79.510619	0.00054308844	0.000000302	0.0000030000	181.029478944
3768298227	80.920000	79.571007	0.00054433265	0.000000292	0.0000030000	181.444217444
3768298231	81.000000	79.654956	0.00054555022	0.000000290	0.0000030000	181.850071722
3768298235	81.060000	79.737403	0.00054676303	0.000000284	0.0000030000	182.254343889
3768298239	81.130000	79.768414	0.00054793498	0.000000284	0.0000030000	182.644992722
3768298243	81.190000	79.819185	0.00054910396	0.000000279	0.0000030000	183.034651778
3768298247	81.270000	79.907489	0.00055027404	0.000000279	0.0000030000	183.424680833
3768298251	81.330000	79.973176	0.00055142183	0.000000273	0.0000030000	183.807276333
3768298255	81.400000	80.036491	0.00055255859	0.000000280	0.0000030000	184.186196333
3768298259	81.460000	80.074941	0.00055369311	0.000000280	0.0000030000	184.564370278
3768298264	81.560000	80.151140	0.00055480644	0.000000267	0.0000030000	184.935478389
3768298268	81.610000	80.233463	0.00055589493	0.000000259	0.0000030000	185.298310333
3768298272	81.680000	80.267412	0.00055695747	0.000000257	0.0000030000	185.652489611
3768298276	81.730000	80.335476	0.00055800036	0.000000259	0.0000030000	186.000120056
3768298280	81.810000	80.415585	0.00055904577	0.000000249	0.0000030000	186.348589111
3768298284	81.890000	80.471544	0.00056006491	0.000000238	0.0000030000	186.688304167
3768298288	81.940000	80.563608	0.00056108262	0.000000238	0.0000030000	187.027540500
3768298292	82.010000	80.624448	0.00056209199	0.000000246	0.0000030000	187.363998278
3768298296	82.080000	80.690957	0.00056309535	0.000000234	0.0000030000	187.698451167
3768298300	82.160000	80.756715	0.00056408928	0.000000236	0.0000030000	188.029760000
3768298304	82.220000	80.838693	0.00056506045	0.000000222	0.0000030000	188.353481722
3768298308	82.270000	80.915809	0.00056602371	0.000000212	0.0000030000	188.674569000
3768298312	82.350000	80.961477	0.00056694637	0.000000230	0.0000030000	188.982124722
3768298316	82.430000	81.024279	0.00056788835	0.000000226	0.0000030000	189.296116778
3768298321	82.490000	81.082451	0.00056880581	0.000000204	0.0000030000	189.601937556
3768298325	82.540000	81.143276	0.00056972340	0.000000218	0.0000030000	189.907799111
3768298329	82.620000	81.206858	0.00057061207	0.000000206	0.0000030000	190.204023778
3768298333	82.680000	81.273065	0.00057148777	0.000000220	0.0000030000	190.495923833
3768298337	82.760000	81.323416	0.00057236903	0.000000203	0.0000030000	190.789677833
3768298341	82.820000	81.385994	0.00057323758	0.000000206	0.0000030000	191.079192111
3768298345	82.890000	81.467229	0.00057408059	0.000000208	0.0000030000	191.360195111
3768298349	82.950000	81.529139	0.00057495132	0.000000214	0.0000030000	191.650441444
3768298353	83.030000	81.614425	0.00057577669	0.000000198	0.0000030000	191.925564500
3768298357	83.090000	81.682611	0.00057660441	0.000000191	0.0000030000	192.201470000
3768298361	83.160000	81.731966	0.00057742192	0.000000196	0.0000030000	192.473974444
3768298365	83.220000	81.802039	0.00057823310	0.000000190	0.0000030000	192.744365556
3768298369	83.300000	81.876124	0.00057902523	0.000000195	0.0000030000	193.008409333
3768298373	83.360000	81.929151	0.00057982529	0.000000176	0.0000030000	193.275095278
3768298378	83.440000	82.002679	0.00058059442	0.000000183	0.0000030000	193.531473722
3768298382	83.490000	82.056801	0.00058135321	0.000000196	0.0000030000	193.784402778
3768298386	83.570000	82.131834	0.00058211903	0.000000183	0.0000030000	194.039677167
3768298390	83.630000	82.188737	0.00058285471	0.000000176	0.0000030000	194.284902000
3768298394	83.700000	82.260993	0.00058359185	0.000000175	0.0000030000	194.530615667
3768298398	83.770000	82.338562	0.00058433416	0.000000175	0.0000030000	194.778052500
3768298402	83.840000	82.409796	0.00058507084	0.000000179	0.0000030000	195.023613722
3768298406	83.920000	82.474128	0.00058579791	0.000000175	0.0000030000	195.265970556
3768298410	83.980000	82.520588	0.00058651554	0.000000166	0.0000030000	195.505178611
3768298414	84.030000	82.597067	0.00058720920	0.000000166	0.0000030000	195.736398389
3768298418	84.110000	82.671660	0.00058788418	0.000000168	0.0000030000	195.961392000
3768298422	84.190000	82.735115	0.00058857626	0.000000162	0.0000030000	196.192085778
3768298426	84.250000	82.796495	0.00058923273	0.000000152	0.0000030000	196.410909778
3768298430	84.310000	82.860156	0.00058989326	0.000000162	0.0000030000	196.631085222
3768298435	84.380000	82.935721	0.00059055030	0.000000157	0.0000030000	196.850099778
3768298439	84.460000	83.006166	0.00059120235	0.000000146	0.0000030000	197.067448500
3768298443	84.520000	83.080265	0.00059182812	0.000000153	0.0000030000	197.276038389
3768298447	84.600000	83.132533	0.00059246359	0.000000156	0.0000030000	197.487862333
3768298451	84.650000	83.187904	0.00059308605	0.000000139	0.0000030000	197.695350500
3768298455	84.710000	83.249582	0.00059368516	0.000000136	0.0000030000	197.895052722
3768298459	84.790000	83.309092	0.00059429492	0.000000140	0.0000030000	198.098307611
3768298463	84.870000	83.368790	0.00059490124	0.000000137	0.0000030000	198.300413222
3768298467	84.930000	83.439581	0.00059547908	0.000000139	0.0000030000	198.493025278
3768298471	84.980000	83.534911	0.00059607148	0.000000143	0.0000030000	198.690492444
3768298475	85.060000	83.584419	0.00059664725	0.000000141	0.0000030000	198.882415333
3768298479	85.140000	83.657266	0.00059722491	0.000000149	0.0000030000	199.074968944
3768298483	85.200000	83.731620	0.00059779788	0.000000142	0.0000030000	199.265961111
3768298487	85.250000	83.783164	0.00059836598	0.000000138	0.0000030000	199.455326722
3768298491	85.330000	83.872341	0.00059893036	0.000000138	0.0000030000	199.643454222
3768298496	85.390000	83.898413	0.00059947969	0.000000134	0.0000030000	199.826561944
3768298500	85.460000	83.959475	0.00060002986	0.000000134	0.0000030000	200.009954111
3768298504	85.530000	84.033026	0.00060055563	0.000000133	0.0000030000	200.185209222
3768298508	85.600000	84.089871	0.00060108865	0.000000129	0.0000030000	200.362881889
3768298512	85.680000	84.151232	0.00060161307	0.000000129	0.0000030000	200.537688333
3768298516	85.740000	84.218897	0.00060213936	0.000000117	0.0000030000	200.713119222
3768298520	85.810000	84.280917	0.00060265601	0.000000111	0.0000030000	200.885335389
3768298524	85.880000	84.346617	0.00060316367	0.000000109	0.0000030000	201.054558000
3768298528	85.930000	84.400312	0.00060365797	0.000000127	0.0000030000	201.219324333
3768298532	86.010000	84.473816	0.00060415727	0.000000118	0.0000030000	201.385756000
3768298536	86.070000	84.711939	0.00060465092	0.000000114	0.0000030000	201.550305056
3768298540	86.140000	84.790835	0.00060511841	0.000000108	0.0000030000	201.706136889
3768298544	86.200000	84.831924	0.00060560095	0.000000125	0.0000030000	201.866982722
3768298548	86.280000	84.896733	0.00060607283	0.000000126	0.0000030000	202.024276611
3768298553	86.360000	84.975575	0.00060654896	0.000000115	0.0000030000	202.182985833
3768298557	86.410000	85.025316	0.00060701710	0.000000115	0.0000030000	202.339032000
3768298561	86.470000	85.078787	0.00060747769	0.000000106	0.0000030000	202.492564500
3768298565	86.550000	85.155312	0.00060792898	0.000000110	0.0000030000	202.642993722
3768298569	86.610000	85.207108	0.00060838980	0.000000111	0.0000030000	202.796601222
3768298573	86.690000	85.273899	0.00060883399	0.000000108	0.0000030000	202.944662944
3768298577	86.760000	85.337212	0.00060928202	0.000000101	0.0000030000	203.094007389
3768298581	86.820000	85.405142	0.00060971297	0.000000104	0.0000030000	203.237655722
3768298585	86.880000	85.459557	0.00061014093	0.000000105	0.0000030000	203.380310611
3768298589	86.960000	85.545861	0.00061056324	0.000000100	0.0000030000	203.521080667
3768298593	87.020000	85.615976	0.00061099423	0.000000103	0.0000030000	203.664743444
3768298597	87.090000	85.671934	0.00061142307	0.000000106	0.0000030000	203.807689889
3768298601	87.170000	85.736357	0.00061184148	0.000000099	0.0000030000	203.947160333
3768298605	87.230000	85.797334	0.00061226117	0.000000101	0.0000030000	204.087055500
3768298610	87.310000	85.873267	0.00061266131	0.000000116	0.0000030000	204.220436944
3768298614	87.360000	85.940293	0.00061307208	0.000000105	0.0000030000	204.357358500
3768298618	87.440000	85.990652	0.00061346837	0.000000098	0.0000030000	204.489456389
3768298622	87.500000	86.070152	0.00061387411	0.000000100	0.0000030000	204.624703667
3768298626	87.570000	86.136613	0.00061426166	0.000000098	0.0000030000	204.753886667
3768298630	87.640000	86.201329	0.00061465018	0.000000090	0.0000030000	204.883394667
3768298634	87.690000	86.251119	0.00061503417	0.000000086	0.0000030000	205.011390722
3768298638	87.770000	86.308725	0.00061540871	0.000000096	0.0000030000	205.136235500
3768298642	87.850000	86.376921	0.00061578972	0.000000097	0.0000030000	205.263239278
3768298646	87.900000	86.447520	0.00061616933	0.000000092	0.0000030000	205.389776889
3768298650	87.970000	86.508621	0.00061654155	0.000000089	0.0000030000	205.513849444
3768298654	88.040000	86.558750	0.00061691094	0.000000084	0.0000030000	205.636978667
3768298658	88.100000	86.649350	0.00061727392	0.000000085	0.0000030000	205.757974556
3768298662	88.170000	86.725918	0.00061764689	0.000000084	0.0000030000	205.882295556
3768298667	88.230000	86.785263	0.00061800024	0.000000093	0.0000030000	206.000079056
3768298671	88.310000	86.856113	0.00061836568	0.000000088	0.0000030000	206.121893944
3768298675	88.370000	86.902369	0.00061872992	0.000000090	0.0000030000	206.243306722
3768298679	88.450000	86.953732	0.00061907497	0.000000090	0.0000030000	206.358322722
3768298683	88.500000	87.027197	0.00061942341	0.000000082	0.0000030000	206.474470944
3768298687	88.580000	87.082830	0.00061975738	0.000000085	0.0000030000	206.585793611
3768298691	88.640000	87.145474	0.00062010713	0.000000093	0.0000030000	206.702376667
3768298695	88.720000	87.210544	0.00062046367	0.000000083	0.0000030000	206.821223944
3768298699	88.780000	87.278437	0.00062079589	0.000000082	0.0000030000	206.931962444
3768298703	88.850000	87.346507	0.00062111930	0.000000080	0.0000030000	207.039767944
3768298707	88.910000	87.413253	0.00062146595	0.000000081	0.0000030000	207.155315778
3768298711	88.990000	87.484777	0.00062181051	0.000000074	0.0000030000	207.270171167
3768298715	89.070000	87.567140	0.00062214351	0.000000087	0.0000030000	207.381170556
3768298719	89.120000	87.608362	0.00062247579	0.000000078	0.0000030000	207.491931444
3768298724	89.200000	87.685764	0.00062280478	0.000000075	0.0000030000	207.601591722
3768298728	89.260000	87.731435	0.00062313488	0.000000089	0.0000030000	207.711626056
3768298732	89.330000	87.836775	0.00062345345	0.000000083	0.0000030000	207.817815944
3768298736	89.380000	87.880812	0.00062377808	0.000000069	0.0000030000	207.926025389
3768298740	89.450000	87.946651	0.00062409795	0.000000078	0.0000030000	208.032649333
3768298744	89.530000	87.999085	0.00062442236	0.000000082	0.0000030000	208.140787667
3768298748	89.610000	88.075373	0.00062473985	0.000000077	0.0000030000	208.246616833
3768298752	89.660000	88.147122	0.00062505969	0.000000067	0.0000030000	208.353228778
3768298756	89.730000	88.217136	0.00062537237	0.000000072	0.0000030000	208.457455389
3768298760	89.800000	88.288694	0.00062568872	0.000000077	0.0000030000	208.562906111
3768298764	89.860000	88.303179	0.00062599306	0.000000076	0.0000030000	208.664351833
3768298768	89.940000	88.392658	0.00062631497	0.000000076	0.0000030000	208.771655111
3768298772	90.010000	88.463112	0.00062662142	0.000000069	0.0000030000	208.873806278
3768298776	90.070000	88.528962	0.00062693395	0.000000072	0.0000030000	208.977983333
3768298781	90.150000	88.582983	0.00062723964	0.000000071	0.0000030000	209.079880944
3768298785	90.210000	88.678010	0.00062754107	0.000000078	0.0000030000	209.180355611
3768298789	90.260000	88.730739	0.00062783579	0.000000069	0.0000030000	209.278597056
3768298793	90.340000	88.778384	0.00062813945	0.000000067	0.0000030000	209.379818000
3768298797	90.420000	88.830307	0.00062843151	0.000000075	0.0000030000	209.477170833
3768298801	90.480000	88.918907	0.00062873785	0.000000073	0.0000030000	209.579284500
3768298805	90.560000	88.973796	0.00062903569	0.000000073	0.0000030000	209.678561944
3768298809	90.610000	89.018482	0.00062933200	0.000000074	0.0000030000	209.777332667
3768298813	90.690000	89.087190	0.00062962064	0.000000066	0.0000030000	209.873547833
3768298817	90.750000	89.175354	0.00062991750	0.000000078	0.0000030000	209.972499778
3768298821	90.810000	89.229662	0.00063020417	0.000000073	0.0000030000	210.068057444
3768298825	90.890000	89.296336	0.00063049155	0.000000076	0.0000030000	210.163851278
3768298829	90.940000	89.364063	0.00063078749	0.000000068	0.0000030000	210.262495667
3768298833	91.020000	89.424368	0.00063106310	0.000000066	0.0000030000	210.354365000
3768298838	91.080000	89.481349	0.00063134902	0.000000064	0.0000030000	210.449674833
3768298842	91.160000	89.556299	0.00063164038	0.000000077	0.0000030000	210.546791833
3768298846	91.210000	89.630659	0.00063192585	0.000000074	0.0000030000	210.641950333
3768298850	91.290000	89.714165	0.00063221224	0.000000063	0.0000030000	210.737412444
3768298854	91.370000	89.760925	0.00063249619	0.000000072	0.0000030000	210.832062167
3768298858	91.420000	89.829044	0.00063278541	0.000000074	0.0000030000	210.928470667
3768298862	91.490000	89.871670	0.00063306299	0.000000066	0.0000030000	211.020997889
3768298866	91.540000	89.960386	0.00063334431	0.000000071	0.0000030000	211.114770556
3768298870	91.640000	90.013161	0.00063364286	0.000000075	0.0000030000	211.214285500
3768298874	91.700000	90.073079	0.00063392185	0.000000060	0.0000030000	211.307284056
3768298878	91.750000	90.135054	0.00063420112	0.000000069	0.0000030000	211.400374611
3768298882	91.810000	90.174685	0.00063448975	0.000000061	0.0000030000	211.496582944
3768298886	91.910000	90.222903	0.00063476667	0.000000074	0.0000030000	211.588891556
3768298890	91.970000	90.306121	0.00063503648	0.000000070	0.0000030000	211.678828167
3768298894	92.040000	90.375153	0.00063533353	0.000000075	0.0000030000	211.777842222
3768298899	92.100000	90.423623	0.00063560704	0.000000069	0.0000030000	211.869014333
3768298903	92.160000	90.498955	0.00063588036	0.000000065	0.0000030000	211.960119333
3768298907	92.260000	90.582186	0.00063617124	0.000000060	0.0000030000	212.057079222
3768298911	92.320000	90.628876	0.00063645102	0.000000063	0.0000030000	212.150341278
3768298915	92.370000	90.714711	0.00063672429	0.000000071	0.0000030000	212.241429722
3768298919	92.430000	90.783063	0.00063699751	0.000000057	0.0000030000	212.332502611
3768298923	92.510000	90.834708	0.00063727605	0.000000059	0.0000030000	212.425350667
3768298927	92.590000	90.885972	0.00063754919	0.000000063	0.0000030000	212.516396278
3768298931	92.650000	90.941646	0.00063781190	0.000000061	0.0000030000	212.603967722
3768298935	92.700000	91.001256	0.00063809336	0.000000063	0.0000030000	212.697786111
3768298939	92.780000	91.077692	0.00063837735	0.000000075	0.0000030000	212.792448500
3768298943	92.860000	91.129274	0.00063864048	0.000000063	0.0000030000	212.880159833
3768298947	92.920000	91.199754	0.00063891556	0.000000062	0.0000030000	212.971852333
3768298951	92.990000	91.244679	0.00063918288	0.000000069	0.0000030000	213.060960944
