I	V	T_diode	T_cernox
2.000000E-5	-2.411713E-6	4.801000E+1	4.774984E+1
4.000000E-5	-2.394568E-6	4.801000E+1	4.774984E+1
6.000000E-5	-2.403191E-6	4.801000E+1	4.774984E+1
8.000000E-5	-2.440389E-6	4.801000E+1	4.774984E+1
1.000000E-4	-2.443598E-6	4.801000E+1	4.774984E+1
1.200000E-4	-2.432368E-6	4.801000E+1	4.774984E+1
1.400000E-4	-2.419935E-6	4.801000E+1	4.774984E+1
1.600000E-4	-2.428257E-6	4.801000E+1	4.774984E+1
1.800000E-4	-2.461144E-6	4.801000E+1	4.774984E+1
2.000000E-4	-2.452722E-6	4.801000E+1	4.774984E+1
2.200000E-4	-2.442294E-6	4.801000E+1	4.774984E+1
2.400000E-4	-2.396774E-6	4.801000E+1	4.774984E+1
2.600000E-4	-2.437984E-6	4.801000E+1	4.774984E+1
2.800000E-4	-2.445503E-6	4.801000E+1	4.774984E+1
3.000000E-4	-2.416226E-6	4.801000E+1	4.774984E+1
3.200000E-4	-2.506665E-6	4.801000E+1	4.774984E+1
3.400000E-4	-2.432770E-6	4.801000E+1	4.774984E+1
3.600000E-4	-2.434775E-6	4.801000E+1	4.774984E+1
3.800000E-4	-2.402690E-6	4.801000E+1	4.774984E+1
4.000000E-4	-2.427957E-6	4.801000E+1	4.774984E+1
4.200000E-4	-2.427255E-6	4.801000E+1	4.774984E+1
4.400000E-4	-2.435076E-6	4.801000E+1	4.774984E+1
4.600000E-4	-2.420939E-6	4.801000E+1	4.774984E+1
4.800000E-4	-2.436681E-6	4.801000E+1	4.774984E+1
5.000000E-4	-2.411615E-6	4.801000E+1	4.774984E+1
5.200000E-4	-2.421140E-6	4.801000E+1	4.774984E+1
5.400000E-4	-2.488317E-6	4.801000E+1	4.774984E+1
5.600000E-4	-2.508972E-6	4.801000E+1	4.774984E+1
5.800000E-4	-2.463853E-6	4.801000E+1	4.774984E+1
6.000000E-4	-2.459842E-6	4.801000E+1	4.774984E+1
6.200000E-4	-2.480396E-6	4.801000E+1	4.774984E+1
6.400000E-4	-2.456232E-6	4.801000E+1	4.774984E+1
6.600000E-4	-2.490223E-6	4.801000E+1	4.774984E+1
6.800000E-4	-2.487516E-6	4.801000E+1	4.774984E+1
7.000000E-4	-2.468566E-6	4.801000E+1	4.774984E+1
7.200000E-4	-2.476387E-6	4.801000E+1	4.774984E+1
7.400000E-4	-2.463954E-6	4.801000E+1	4.774984E+1
7.600000E-4	-2.456334E-6	4.801000E+1	4.774984E+1
7.800000E-4	-2.458139E-6	4.801000E+1	4.774984E+1
8.000000E-4	-2.445204E-6	4.801000E+1	4.774984E+1
8.200000E-4	-2.449014E-6	4.801000E+1	4.774984E+1
8.400000E-4	-2.464856E-6	4.801000E+1	4.774984E+1
8.600000E-4	-2.470270E-6	4.801000E+1	4.774984E+1
8.800000E-4	-2.438687E-6	4.801000E+1	4.774984E+1
9.000000E-4	-2.398581E-6	4.801000E+1	4.774984E+1
9.200000E-4	-2.386750E-6	4.801000E+1	4.774984E+1
9.400000E-4	-2.419636E-6	4.801000E+1	4.774984E+1
9.600000E-4	-2.359077E-6	4.801000E+1	4.774984E+1
9.800000E-4	-2.341931E-6	4.801000E+1	4.774984E+1
1.000000E-3	-2.357372E-6	4.801000E+1	4.774984E+1
1.020000E-3	-2.344137E-6	4.801000E+1	4.774984E+1
1.040000E-3	-2.281572E-6	4.801000E+1	4.774984E+1
1.060000E-3	-2.238758E-6	4.801000E+1	4.774984E+1
1.080000E-3	-2.220310E-6	4.801000E+1	4.774984E+1
1.100000E-3	-2.206975E-6	4.801000E+1	4.774984E+1
1.120000E-3	-2.147217E-6	4.801000E+1	4.774984E+1
1.140000E-3	-2.113528E-6	4.801000E+1	4.774984E+1
1.160000E-3	-2.057881E-6	4.801000E+1	4.774984E+1
1.180000E-3	-2.014968E-6	4.801000E+1	4.774984E+1
1.200000E-3	-1.934656E-6	4.801000E+1	4.774984E+1
1.220000E-3	-1.888233E-6	4.801000E+1	4.774984E+1
1.240000E-3	-1.851035E-6	4.801000E+1	4.774984E+1
1.260000E-3	-1.774433E-6	4.801000E+1	4.774984E+1
1.280000E-3	-1.728812E-6	4.801000E+1	4.774984E+1
1.300000E-3	-1.616316E-6	4.801000E+1	4.774984E+1
1.320000E-3	-1.587239E-6	4.801000E+1	4.774984E+1
1.340000E-3	-1.494594E-6	4.801000E+1	4.774984E+1
1.360000E-3	-1.386609E-6	4.801000E+1	4.774984E+1
1.380000E-3	-1.312213E-6	4.801000E+1	4.774984E+1
1.400000E-3	-1.198312E-6	4.801000E+1	4.774984E+1
1.420000E-3	-1.109177E-6	4.801000E+1	4.774984E+1
1.440000E-3	-1.007709E-6	4.801000E+1	4.774984E+1
1.460000E-3	-8.899985E-7	4.801000E+1	4.774984E+1
1.480000E-3	-7.604567E-7	4.801000E+1	4.774984E+1
1.500000E-3	-6.020386E-7	4.801000E+1	4.774984E+1
1.520000E-3	-4.479318E-7	4.801000E+1	4.774984E+1
1.540000E-3	-3.019465E-7	4.801000E+1	4.774984E+1
1.560000E-3	-1.414229E-7	4.801000E+1	4.774984E+1
1.580000E-3	3.760278E-9	4.801000E+1	4.774984E+1
1.600000E-3	1.870440E-7	4.801000E+1	4.774984E+1
1.620000E-3	3.577952E-7	4.801000E+1	4.774984E+1
1.640000E-3	4.968626E-7	4.801000E+1	4.774984E+1
1.660000E-3	7.074190E-7	4.801000E+1	4.774984E+1
1.680000E-3	9.307090E-7	4.801000E+1	4.774984E+1
1.700000E-3	1.099355E-6	4.801000E+1	4.774984E+1
1.720000E-3	1.251557E-6	4.801000E+1	4.774984E+1
1.740000E-3	1.496805E-6	4.801000E+1	4.774984E+1
1.760000E-3	1.750375E-6	4.801000E+1	4.774984E+1
1.780000E-3	1.990610E-6	4.801000E+1	4.774984E+1
1.800000E-3	2.255309E-6	4.801000E+1	4.774984E+1
1.820000E-3	2.511386E-6	4.801000E+1	4.774984E+1
1.840000E-3	2.718934E-6	4.801000E+1	4.774984E+1
1.860000E-3	2.984937E-6	4.801000E+1	4.774984E+1
1.880000E-3	3.280619E-6	4.801000E+1	4.774984E+1
1.900000E-3	3.569682E-6	4.801000E+1	4.774984E+1
1.920000E-3	3.822551E-6	4.801000E+1	4.774984E+1
1.940000E-3	4.121841E-6	4.801000E+1	4.774984E+1
1.960000E-3	4.436272E-6	4.801000E+1	4.774984E+1
1.980000E-3	4.752809E-6	4.801000E+1	4.774984E+1
2.000000E-3	5.078569E-6	4.801000E+1	4.774984E+1
1.980000E-3	4.737067E-6	4.801000E+1	4.774984E+1
1.960000E-3	4.402282E-6	4.801000E+1	4.774984E+1
1.940000E-3	4.108005E-6	4.801000E+1	4.774984E+1
1.920000E-3	3.790366E-6	4.801000E+1	4.774984E+1
1.900000E-3	3.525265E-6	4.801000E+1	4.774984E+1
1.880000E-3	3.232191E-6	4.801000E+1	4.774984E+1
1.860000E-3	2.948842E-6	4.801000E+1	4.774984E+1
1.840000E-3	2.730265E-6	4.801000E+1	4.774984E+1
1.820000E-3	2.470578E-6	4.801000E+1	4.774984E+1
1.800000E-3	2.199462E-6	4.801000E+1	4.774984E+1
1.780000E-3	1.936768E-6	4.801000E+1	4.774984E+1
1.760000E-3	1.709668E-6	4.801000E+1	4.774984E+1
1.740000E-3	1.490990E-6	4.801000E+1	4.774984E+1
1.720000E-3	1.260882E-6	4.801000E+1	4.774984E+1
1.700000E-3	1.074890E-6	4.801000E+1	4.774984E+1
1.680000E-3	8.565130E-7	4.801000E+1	4.774984E+1
1.660000E-3	6.253021E-7	4.801000E+1	4.774984E+1
1.640000E-3	4.396114E-7	4.801000E+1	4.774984E+1
1.620000E-3	2.977365E-7	4.801000E+1	4.774984E+1
1.600000E-3	1.139511E-7	4.801000E+1	4.774984E+1
1.580000E-3	-6.722715E-8	4.801000E+1	4.774984E+1
1.560000E-3	-2.305583E-7	4.801000E+1	4.774984E+1
1.540000E-3	-3.791504E-7	4.801000E+1	4.774984E+1
1.520000E-3	-5.057847E-7	4.801000E+1	4.774984E+1
1.500000E-3	-6.433478E-7	4.801000E+1	4.774984E+1
1.480000E-3	-7.553434E-7	4.801000E+1	4.774984E+1
1.460000E-3	-8.996242E-7	4.801000E+1	4.774984E+1
1.440000E-3	-1.017435E-6	4.801000E+1	4.774984E+1
1.420000E-3	-1.136349E-6	4.801000E+1	4.774984E+1
1.400000E-3	-1.273210E-6	4.801000E+1	4.774984E+1
1.380000E-3	-1.399243E-6	4.801000E+1	4.774984E+1
1.360000E-3	-1.460003E-6	4.801000E+1	4.774984E+1
1.340000E-3	-1.539514E-6	4.801000E+1	4.774984E+1
1.320000E-3	-1.657926E-6	4.801000E+1	4.774984E+1
1.300000E-3	-1.759895E-6	4.801000E+1	4.774984E+1
1.280000E-3	-1.801004E-6	4.801000E+1	4.774984E+1
1.260000E-3	-1.868382E-6	4.801000E+1	4.774984E+1
1.240000E-3	-1.944984E-6	4.801000E+1	4.774984E+1
1.220000E-3	-1.996720E-6	4.801000E+1	4.774984E+1
1.200000E-3	-2.047154E-6	4.801000E+1	4.774984E+1
1.180000E-3	-2.083550E-6	4.801000E+1	4.774984E+1
1.160000E-3	-2.098589E-6	4.801000E+1	4.774984E+1
1.140000E-3	-2.184616E-6	4.801000E+1	4.774984E+1
1.120000E-3	-2.188426E-6	4.801000E+1	4.774984E+1
1.100000E-3	-2.217403E-6	4.801000E+1	4.774984E+1
1.080000E-3	-2.240764E-6	4.801000E+1	4.774984E+1
1.060000E-3	-2.262021E-6	4.801000E+1	4.774984E+1
1.040000E-3	-2.320976E-6	4.801000E+1	4.774984E+1
1.020000E-3	-2.350554E-6	4.801000E+1	4.774984E+1
1.000000E-3	-2.353462E-6	4.801000E+1	4.774984E+1
9.800000E-4	-2.328296E-6	4.801000E+1	4.774984E+1
9.600000E-4	-2.354064E-6	4.801000E+1	4.774984E+1
9.400000E-4	-2.421242E-6	4.801000E+1	4.774984E+1
9.200000E-4	-2.400387E-6	4.801000E+1	4.774984E+1
9.000000E-4	-2.412819E-6	4.801000E+1	4.774984E+1
8.800000E-4	-2.442598E-6	4.801000E+1	4.774984E+1
8.600000E-4	-2.454429E-6	4.801000E+1	4.774984E+1
8.400000E-4	-2.438788E-6	4.801000E+1	4.774984E+1
8.200000E-4	-2.472176E-6	4.801000E+1	4.774984E+1
8.000000E-4	-2.469369E-6	4.801000E+1	4.774984E+1
7.800000E-4	-2.473881E-6	4.801000E+1	4.774984E+1
7.600000E-4	-2.462150E-6	4.801000E+1	4.774984E+1
7.400000E-4	-2.458240E-6	4.801000E+1	4.774984E+1
7.200000E-4	-2.485612E-6	4.801000E+1	4.774984E+1
7.000000E-4	-2.499047E-6	4.801000E+1	4.774984E+1
6.800000E-4	-2.504662E-6	4.801000E+1	4.774984E+1
6.600000E-4	-2.541459E-6	4.801000E+1	4.774984E+1
6.400000E-4	-2.531032E-6	4.801000E+1	4.774984E+1
6.200000E-4	-2.572842E-6	4.801000E+1	4.774984E+1
6.000000E-4	-2.517296E-6	4.801000E+1	4.774984E+1
5.800000E-4	-2.514789E-6	4.801000E+1	4.774984E+1
5.600000E-4	-2.525116E-6	4.801000E+1	4.774984E+1
5.400000E-4	-2.538150E-6	4.801000E+1	4.774984E+1
5.200000E-4	-2.581665E-6	4.801000E+1	4.774984E+1
5.000000E-4	-2.577855E-6	4.801000E+1	4.774984E+1
4.800000E-4	-2.589987E-6	4.801000E+1	4.774984E+1
4.600000E-4	-2.585274E-6	4.801000E+1	4.774984E+1
4.400000E-4	-2.584773E-6	4.801000E+1	4.774984E+1
4.200000E-4	-2.566725E-6	4.801000E+1	4.774984E+1
4.000000E-4	-2.531532E-6	4.801000E+1	4.774984E+1
3.800000E-4	-2.554593E-6	4.801000E+1	4.774984E+1
3.600000E-4	-2.581966E-6	4.801000E+1	4.774984E+1
3.400000E-4	-2.561611E-6	4.801000E+1	4.774984E+1
3.200000E-4	-2.571838E-6	4.801000E+1	4.774984E+1
3.000000E-4	-2.598609E-6	4.801000E+1	4.774984E+1
2.800000E-4	-2.602419E-6	4.801000E+1	4.774984E+1
2.600000E-4	-2.601717E-6	4.801000E+1	4.774984E+1
2.400000E-4	-2.583168E-6	4.801000E+1	4.774984E+1
2.200000E-4	-2.596704E-6	4.801000E+1	4.774984E+1
2.000000E-4	-2.620968E-6	4.801000E+1	4.774984E+1
1.800000E-4	-2.619364E-6	4.801000E+1	4.774984E+1
1.600000E-4	-2.624177E-6	4.801000E+1	4.774984E+1
1.400000E-4	-2.634603E-6	4.801000E+1	4.774984E+1
1.200000E-4	-2.618260E-6	4.801000E+1	4.774984E+1
1.000000E-4	-2.638413E-6	4.801000E+1	4.774984E+1
8.000000E-5	-2.649743E-6	4.801000E+1	4.774984E+1
6.000000E-5	-2.642424E-6	4.801000E+1	4.774984E+1
4.000000E-5	-2.634202E-6	4.801000E+1	4.774984E+1
2.000000E-5	-2.633500E-6	4.801000E+1	4.774984E+1
0.000000E+0	-2.624677E-6	4.801000E+1	4.777257E+1
-2.000000E-5	-2.662978E-6	4.801000E+1	4.777257E+1
-4.000000E-5	-2.584972E-6	4.801000E+1	4.777257E+1
-6.000000E-5	-2.558703E-6	4.801000E+1	4.777257E+1
-8.000000E-5	-2.551584E-6	4.801000E+1	4.777257E+1
-1.000000E-4	-2.520402E-6	4.801000E+1	4.777257E+1
-1.200000E-4	-2.573442E-6	4.801000E+1	4.777257E+1
-1.400000E-4	-2.590688E-6	4.801000E+1	4.777257E+1
-1.600000E-4	-2.581664E-6	4.801000E+1	4.777257E+1
-1.800000E-4	-2.582767E-6	4.801000E+1	4.777257E+1
-2.000000E-4	-2.582466E-6	4.801000E+1	4.777257E+1
-2.200000E-4	-2.569532E-6	4.801000E+1	4.777257E+1
-2.400000E-4	-2.543764E-6	4.801000E+1	4.777257E+1
-2.600000E-4	-2.581063E-6	4.801000E+1	4.777257E+1
-2.800000E-4	-2.580862E-6	4.801000E+1	4.777257E+1
-3.000000E-4	-2.549279E-6	4.801000E+1	4.777257E+1
-3.200000E-4	-2.540355E-6	4.801000E+1	4.777257E+1
-3.400000E-4	-2.555194E-6	4.801000E+1	4.777257E+1
-3.600000E-4	-2.541658E-6	4.801000E+1	4.777257E+1
-3.800000E-4	-2.559506E-6	4.801000E+1	4.777257E+1
-4.000000E-4	-2.526318E-6	4.801000E+1	4.777257E+1
-4.200000E-4	-2.570535E-6	4.801000E+1	4.777257E+1
-4.400000E-4	-2.542260E-6	4.801000E+1	4.777257E+1
-4.600000E-4	-2.506466E-6	4.801000E+1	4.777257E+1
-4.800000E-4	-2.504661E-6	4.801000E+1	4.777257E+1
-5.000000E-4	-2.523912E-6	4.801000E+1	4.777257E+1
-5.200000E-4	-2.468365E-6	4.801000E+1	4.777257E+1
-5.400000E-4	-2.477790E-6	4.801000E+1	4.777257E+1
-5.600000E-4	-2.492629E-6	4.801000E+1	4.777257E+1
-5.800000E-4	-2.488518E-6	4.801000E+1	4.777257E+1
-6.000000E-4	-2.503157E-6	4.801000E+1	4.777257E+1
-6.200000E-4	-2.490824E-6	4.801000E+1	4.777257E+1
-6.400000E-4	-2.518798E-6	4.801000E+1	4.777257E+1
-6.600000E-4	-2.483305E-6	4.801000E+1	4.777257E+1
-6.800000E-4	-2.499247E-6	4.801000E+1	4.777257E+1
-7.000000E-4	-2.485711E-6	4.801000E+1	4.777257E+1
-7.200000E-4	-2.495036E-6	4.801000E+1	4.777257E+1
-7.400000E-4	-2.509774E-6	4.801000E+1	4.777257E+1
-7.600000E-4	-2.524513E-6	4.801000E+1	4.777257E+1
-7.800000E-4	-2.514286E-6	4.801000E+1	4.777257E+1
-8.000000E-4	-2.527722E-6	4.801000E+1	4.777257E+1
-8.200000E-4	-2.516392E-6	4.801000E+1	4.777257E+1
-8.400000E-4	-2.537147E-6	4.801000E+1	4.777257E+1
-8.600000E-4	-2.543163E-6	4.801000E+1	4.777257E+1
-8.800000E-4	-2.546872E-6	4.801000E+1	4.777257E+1
-9.000000E-4	-2.548076E-6	4.801000E+1	4.777257E+1
-9.200000E-4	-2.580962E-6	4.801000E+1	4.777257E+1
-9.400000E-4	-2.574345E-6	4.801000E+1	4.777257E+1
-9.600000E-4	-2.572140E-6	4.801000E+1	4.777257E+1
-9.800000E-4	-2.618963E-6	4.801000E+1	4.777257E+1
-1.000000E-3	-2.612747E-6	4.801000E+1	4.777257E+1
-1.020000E-3	-2.683634E-6	4.801000E+1	4.777257E+1
-1.040000E-3	-2.695164E-6	4.801000E+1	4.777257E+1
-1.060000E-3	-2.765851E-6	4.801000E+1	4.777257E+1
-1.080000E-3	-2.798136E-6	4.801000E+1	4.777257E+1
-1.100000E-3	-2.787107E-6	4.801000E+1	4.777257E+1
-1.120000E-3	-2.872432E-6	4.801000E+1	4.777257E+1
-1.140000E-3	-2.903615E-6	4.801000E+1	4.777257E+1
-1.160000E-3	-2.964676E-6	4.801000E+1	4.777257E+1
-1.180000E-3	-2.986334E-6	4.801000E+1	4.777257E+1
-1.200000E-3	-3.051907E-6	4.801000E+1	4.777257E+1
-1.220000E-3	-3.132118E-6	4.801000E+1	4.777257E+1
-1.240000E-3	-3.194383E-6	4.801000E+1	4.777257E+1
-1.260000E-3	-3.257048E-6	4.801000E+1	4.777257E+1
-1.280000E-3	-3.309687E-6	4.801000E+1	4.777257E+1
-1.300000E-3	-3.395714E-6	4.801000E+1	4.777257E+1
-1.320000E-3	-3.484850E-6	4.801000E+1	4.777257E+1
-1.340000E-3	-3.544908E-6	4.801000E+1	4.777257E+1
-1.360000E-3	-3.644672E-6	4.801000E+1	4.777257E+1
-1.380000E-3	-3.762383E-6	4.801000E+1	4.777257E+1
-1.400000E-3	-3.835376E-6	4.801000E+1	4.777257E+1
-1.420000E-3	-3.975145E-6	4.801000E+1	4.777257E+1
-1.440000E-3	-4.047335E-6	4.801000E+1	4.777257E+1
-1.460000E-3	-4.181389E-6	4.801000E+1	4.777257E+1
-1.480000E-3	-4.294187E-6	4.801000E+1	4.777257E+1
-1.500000E-3	-4.450600E-6	4.801000E+1	4.777257E+1
-1.520000E-3	-4.590269E-6	4.801000E+1	4.777257E+1
-1.540000E-3	-4.734148E-6	4.801000E+1	4.777257E+1
-1.560000E-3	-4.893069E-6	4.801000E+1	4.777257E+1
-1.580000E-3	-5.045170E-6	4.801000E+1	4.777257E+1
-1.600000E-3	-5.206195E-6	4.801000E+1	4.777257E+1
-1.620000E-3	-5.348672E-6	4.801000E+1	4.777257E+1
-1.640000E-3	-5.552209E-6	4.801000E+1	4.777257E+1
-1.660000E-3	-5.760058E-6	4.801000E+1	4.777257E+1
-1.680000E-3	-5.921785E-6	4.801000E+1	4.777257E+1
-1.700000E-3	-6.112689E-6	4.801000E+1	4.777257E+1
-1.720000E-3	-6.316427E-6	4.801000E+1	4.777257E+1
-1.740000E-3	-6.510038E-6	4.801000E+1	4.777257E+1
-1.760000E-3	-6.740542E-6	4.801000E+1	4.777257E+1
-1.780000E-3	-6.972354E-6	4.801000E+1	4.777257E+1
-1.800000E-3	-7.208678E-6	4.801000E+1	4.777257E+1
-1.820000E-3	-7.466859E-6	4.801000E+1	4.777257E+1
-1.840000E-3	-7.708597E-6	4.801000E+1	4.777257E+1
-1.860000E-3	-7.964874E-6	4.801000E+1	4.777257E+1
-1.880000E-3	-8.237293E-6	4.801000E+1	4.777257E+1
-1.900000E-3	-8.526857E-6	4.801000E+1	4.777257E+1
-1.920000E-3	-8.786944E-6	4.801000E+1	4.777257E+1
-1.940000E-3	-9.063774E-6	4.801000E+1	4.777257E+1
-1.960000E-3	-9.389535E-6	4.801000E+1	4.777257E+1
-1.980000E-3	-9.719807E-6	4.801000E+1	4.777257E+1
-2.000000E-3	-9.991324E-6	4.801000E+1	4.777257E+1
-1.980000E-3	-9.686820E-6	4.801000E+1	4.777257E+1
-1.960000E-3	-9.382818E-6	4.801000E+1	4.777257E+1
-1.940000E-3	-9.057960E-6	4.801000E+1	4.777257E+1
-1.920000E-3	-8.752253E-6	4.801000E+1	4.777257E+1
-1.900000E-3	-8.482742E-6	4.801000E+1	4.777257E+1
-1.880000E-3	-8.209921E-6	4.801000E+1	4.777257E+1
-1.860000E-3	-7.950035E-6	4.801000E+1	4.777257E+1
-1.840000E-3	-7.694860E-6	4.801000E+1	4.777257E+1
-1.820000E-3	-7.443296E-6	4.801000E+1	4.777257E+1
-1.800000E-3	-7.227827E-6	4.801000E+1	4.777257E+1
-1.780000E-3	-7.001931E-6	4.801000E+1	4.777257E+1
-1.760000E-3	-6.754177E-6	4.801000E+1	4.777257E+1
-1.740000E-3	-6.553647E-6	4.801000E+1	4.777257E+1
-1.720000E-3	-6.362343E-6	4.801000E+1	4.777257E+1
-1.700000E-3	-6.132335E-6	4.801000E+1	4.777257E+1
-1.680000E-3	-5.930302E-6	4.801000E+1	4.777257E+1
-1.660000E-3	-5.747319E-6	4.801000E+1	4.777257E+1
-1.640000E-3	-5.555613E-6	4.801000E+1	4.777257E+1
-1.620000E-3	-5.400905E-6	4.801000E+1	4.777257E+1
-1.600000E-3	-5.216719E-6	4.801000E+1	4.777257E+1
-1.580000E-3	-5.075847E-6	4.801000E+1	4.777257E+1
-1.560000E-3	-4.909006E-6	4.801000E+1	4.777257E+1
-1.540000E-3	-4.748082E-6	4.801000E+1	4.777257E+1
-1.520000E-3	-4.630973E-6	4.801000E+1	4.777257E+1
-1.500000E-3	-4.505842E-6	4.801000E+1	4.777257E+1
-1.480000E-3	-4.360860E-6	4.801000E+1	4.777257E+1
-1.460000E-3	-4.232421E-6	4.801000E+1	4.777257E+1
-1.440000E-3	-4.084231E-6	4.801000E+1	4.777257E+1
-1.420000E-3	-3.978051E-6	4.801000E+1	4.777257E+1
-1.400000E-3	-3.859839E-6	4.801000E+1	4.777257E+1
-1.380000E-3	-3.788551E-6	4.801000E+1	4.777257E+1
-1.360000E-3	-3.684175E-6	4.801000E+1	4.777257E+1
-1.340000E-3	-3.615895E-6	4.801000E+1	4.777257E+1
-1.320000E-3	-3.554533E-6	4.801000E+1	4.777257E+1
-1.300000E-3	-3.471213E-6	4.801000E+1	4.777257E+1
-1.280000E-3	-3.382479E-6	4.801000E+1	4.777257E+1
-1.260000E-3	-3.328035E-6	4.801000E+1	4.777257E+1
-1.240000E-3	-3.264567E-6	4.801000E+1	4.777257E+1
-1.220000E-3	-3.215738E-6	4.801000E+1	4.777257E+1
-1.200000E-3	-3.146154E-6	4.801000E+1	4.777257E+1
-1.180000E-3	-3.155880E-6	4.801000E+1	4.777257E+1
-1.160000E-3	-3.083890E-6	4.801000E+1	4.777257E+1
-1.140000E-3	-3.005583E-6	4.801000E+1	4.777257E+1
-1.120000E-3	-2.947329E-6	4.801000E+1	4.777257E+1
-1.100000E-3	-2.909630E-6	4.801000E+1	4.777257E+1
-1.080000E-3	-2.862405E-6	4.801000E+1	4.777257E+1
-1.060000E-3	-2.873434E-6	4.801000E+1	4.777257E+1
-1.040000E-3	-2.816084E-6	4.801000E+1	4.777257E+1
-1.020000E-3	-2.760738E-6	4.801000E+1	4.777257E+1
-1.000000E-3	-2.741687E-6	4.801000E+1	4.777257E+1
-9.800000E-4	-2.736473E-6	4.801000E+1	4.777257E+1
-9.600000E-4	-2.730357E-6	4.801000E+1	4.777257E+1
-9.400000E-4	-2.672204E-6	4.801000E+1	4.777257E+1
-9.200000E-4	-2.681228E-6	4.801000E+1	4.777257E+1
-9.000000E-4	-2.678320E-6	4.801000E+1	4.777257E+1
-8.800000E-4	-2.638615E-6	4.801000E+1	4.777257E+1
-8.600000E-4	-2.656362E-6	4.801000E+1	4.777257E+1
-8.400000E-4	-2.633902E-6	4.801000E+1	4.777257E+1
-8.200000E-4	-2.621168E-6	4.801000E+1	4.777257E+1
-8.000000E-4	-2.647638E-6	4.801000E+1	4.777257E+1
-7.800000E-4	-2.651047E-6	4.801000E+1	4.777257E+1
-7.600000E-4	-2.655860E-6	4.801000E+1	4.777257E+1
-7.400000E-4	-2.664984E-6	4.801000E+1	4.777257E+1
-7.200000E-4	-2.626583E-6	4.801000E+1	4.777257E+1
-7.000000E-4	-2.651950E-6	4.801000E+1	4.777257E+1
-6.800000E-4	-2.650145E-6	4.801000E+1	4.777257E+1
-6.600000E-4	-2.637612E-6	4.801000E+1	4.777257E+1
-6.400000E-4	-2.664583E-6	4.801000E+1	4.777257E+1
-6.200000E-4	-2.623073E-6	4.801000E+1	4.777257E+1
-6.000000E-4	-2.644530E-6	4.801000E+1	4.777257E+1
-5.800000E-4	-2.653253E-6	4.801000E+1	4.777257E+1
-5.600000E-4	-2.644530E-6	4.801000E+1	4.777257E+1
-5.400000E-4	-2.650145E-6	4.801000E+1	4.777257E+1
-5.200000E-4	-2.674208E-6	4.801000E+1	4.777257E+1
-5.000000E-4	-2.667992E-6	4.801000E+1	4.777257E+1
-4.800000E-4	-2.650646E-6	4.801000E+1	4.777257E+1
-4.600000E-4	-2.643026E-6	4.801000E+1	4.777257E+1
-4.400000E-4	-2.650746E-6	4.801000E+1	4.777257E+1
-4.200000E-4	-2.646435E-6	4.801000E+1	4.777257E+1
-4.000000E-4	-2.651649E-6	4.801000E+1	4.777257E+1
-3.800000E-4	-2.633300E-6	4.801000E+1	4.777257E+1
-3.600000E-4	-2.612846E-6	4.801000E+1	4.777257E+1
-3.400000E-4	-2.638113E-6	4.801000E+1	4.777257E+1
-3.200000E-4	-2.623274E-6	4.801000E+1	4.777257E+1
-3.000000E-4	-2.660673E-6	4.801000E+1	4.777257E+1
-2.800000E-4	-2.606229E-6	4.801000E+1	4.777257E+1
-2.600000E-4	-2.621569E-6	4.801000E+1	4.777257E+1
-2.400000E-4	-2.678720E-6	4.801000E+1	4.777257E+1
-2.200000E-4	-2.629891E-6	4.801000E+1	4.777257E+1
-2.000000E-4	-2.636810E-6	4.801000E+1	4.777257E+1
-1.800000E-4	-2.672704E-6	4.801000E+1	4.777257E+1
-1.600000E-4	-2.624276E-6	4.801000E+1	4.777257E+1
-1.400000E-4	-2.654556E-6	4.801000E+1	4.777257E+1
-1.200000E-4	-2.658366E-6	4.801000E+1	4.777257E+1
-1.000000E-4	-2.641422E-6	4.801000E+1	4.777257E+1
-8.000000E-5	-2.632799E-6	4.801000E+1	4.777257E+1
-6.000000E-5	-2.633902E-6	4.801000E+1	4.777257E+1
-4.000000E-5	-2.673607E-6	4.801000E+1	4.777257E+1
-2.000000E-5	-2.723739E-6	4.801000E+1	4.777257E+1
-0.000000E+0	-2.684536E-6	4.801000E+1	4.779162E+1
0.000000E+0	-2.643426E-6	5.451000E+1	5.399009E+1
