I	V	T_diode	T_cernox
2.000000E-6	-2.910438E-6	5.351000E+1	5.299381E+1
4.000000E-6	-2.924976E-6	5.351000E+1	5.299381E+1
6.000000E-6	-2.905223E-6	5.351000E+1	5.299381E+1
8.000000E-6	-2.926981E-6	5.351000E+1	5.299381E+1
1.000000E-5	-2.949139E-6	5.351000E+1	5.299381E+1
1.200000E-5	-2.896801E-6	5.351000E+1	5.299381E+1
1.400000E-5	-2.888078E-6	5.351000E+1	5.299381E+1
1.600000E-5	-2.906326E-6	5.351000E+1	5.299381E+1
1.800000E-5	-2.869028E-6	5.351000E+1	5.299381E+1
2.000000E-5	-2.874342E-6	5.351000E+1	5.299381E+1
2.200000E-5	-2.882564E-6	5.351000E+1	5.299381E+1
2.400000E-5	-2.863413E-6	5.351000E+1	5.299381E+1
2.600000E-5	-2.867223E-6	5.351000E+1	5.299381E+1
2.800000E-5	-2.861508E-6	5.351000E+1	5.299381E+1
3.000000E-5	-2.836242E-6	5.351000E+1	5.299381E+1
3.200000E-5	-2.808067E-6	5.351000E+1	5.299381E+1
3.400000E-5	-2.817993E-6	5.351000E+1	5.299381E+1
3.600000E-5	-2.790922E-6	5.351000E+1	5.299381E+1
3.800000E-5	-2.793930E-6	5.351000E+1	5.299381E+1
4.000000E-5	-2.792727E-6	5.351000E+1	5.299381E+1
4.200000E-5	-2.794632E-6	5.351000E+1	5.299381E+1
4.400000E-5	-2.751518E-6	5.351000E+1	5.299381E+1
4.600000E-5	-2.784507E-6	5.351000E+1	5.299381E+1
4.800000E-5	-2.781900E-6	5.351000E+1	5.299381E+1
5.000000E-5	-2.772575E-6	5.351000E+1	5.299381E+1
5.200000E-5	-2.759541E-6	5.351000E+1	5.299381E+1
5.400000E-5	-2.739187E-6	5.351000E+1	5.299381E+1
5.600000E-5	-2.733772E-6	5.351000E+1	5.299381E+1
5.800000E-5	-2.702189E-6	5.351000E+1	5.299381E+1
6.000000E-5	-2.677624E-6	5.351000E+1	5.299381E+1
6.200000E-5	-2.695271E-6	5.351000E+1	5.299381E+1
6.400000E-5	-2.705398E-6	5.351000E+1	5.299381E+1
6.600000E-5	-2.702189E-6	5.351000E+1	5.299381E+1
6.800000E-5	-2.669703E-6	5.351000E+1	5.299381E+1
7.000000E-5	-2.679930E-6	5.351000E+1	5.299381E+1
7.200000E-5	-2.646642E-6	5.351000E+1	5.299381E+1
7.400000E-5	-2.647043E-6	5.351000E+1	5.299381E+1
7.600000E-5	-2.649149E-6	5.351000E+1	5.299381E+1
7.800000E-5	-2.609444E-6	5.351000E+1	5.299381E+1
8.000000E-5	-2.583776E-6	5.351000E+1	5.299381E+1
8.200000E-5	-2.535348E-6	5.351000E+1	5.299381E+1
8.400000E-5	-2.487923E-6	5.351000E+1	5.299381E+1
8.600000E-5	-2.490831E-6	5.351000E+1	5.299381E+1
8.800000E-5	-2.466767E-6	5.351000E+1	5.299381E+1
9.000000E-5	-2.439495E-6	5.351000E+1	5.299381E+1
9.200000E-5	-2.423653E-6	5.351000E+1	5.299381E+1
9.400000E-5	-2.389062E-6	5.351000E+1	5.299381E+1
9.600000E-5	-2.352365E-6	5.351000E+1	5.299381E+1
9.800000E-5	-2.318977E-6	5.351000E+1	5.299381E+1
1.000000E-4	-2.315267E-6	5.351000E+1	5.299381E+1
1.020000E-4	-2.245282E-6	5.351000E+1	5.299381E+1
1.040000E-4	-2.197957E-6	5.351000E+1	5.299381E+1
1.060000E-4	-2.280074E-6	5.351000E+1	5.299381E+1
1.080000E-4	-2.266940E-6	5.351000E+1	5.299381E+1
1.100000E-4	-2.250396E-6	5.351000E+1	5.299381E+1
1.120000E-4	-2.212496E-6	5.351000E+1	5.299381E+1
1.140000E-4	-2.172691E-6	5.351000E+1	5.299381E+1
1.160000E-4	-2.194047E-6	5.351000E+1	5.299381E+1
1.180000E-4	-2.140806E-6	5.351000E+1	5.299381E+1
1.200000E-4	-2.092178E-6	5.351000E+1	5.299381E+1
1.220000E-4	-2.075935E-6	5.351000E+1	5.299381E+1
1.240000E-4	-2.016077E-6	5.351000E+1	5.299381E+1
1.260000E-4	-2.036530E-6	5.351000E+1	5.299381E+1
1.280000E-4	-2.019987E-6	5.351000E+1	5.299381E+1
1.300000E-4	-2.049465E-6	5.351000E+1	5.299381E+1
1.320000E-4	-1.966144E-6	5.351000E+1	5.299381E+1
1.340000E-4	-1.931052E-6	5.351000E+1	5.299381E+1
1.360000E-4	-1.892450E-6	5.351000E+1	5.299381E+1
1.380000E-4	-1.845526E-6	5.351000E+1	5.299381E+1
1.400000E-4	-1.798401E-6	5.351000E+1	5.299381E+1
1.420000E-4	-1.748068E-6	5.351000E+1	5.299381E+1
1.440000E-4	-1.708764E-6	5.351000E+1	5.299381E+1
1.460000E-4	-1.691820E-6	5.351000E+1	5.299381E+1
1.480000E-4	-1.628753E-6	5.351000E+1	5.299381E+1
1.500000E-4	-1.619529E-6	5.351000E+1	5.299381E+1
1.520000E-4	-1.542626E-6	5.351000E+1	5.299381E+1
1.540000E-4	-1.534304E-6	5.351000E+1	5.299381E+1
1.560000E-4	-1.486578E-6	5.351000E+1	5.299381E+1
1.580000E-4	-1.451986E-6	5.351000E+1	5.299381E+1
1.600000E-4	-1.390223E-6	5.351000E+1	5.299381E+1
1.620000E-4	-1.347811E-6	5.351000E+1	5.299381E+1
1.640000E-4	-1.267399E-6	5.351000E+1	5.299381E+1
1.660000E-4	-1.243335E-6	5.351000E+1	5.299381E+1
1.680000E-4	-1.184680E-6	5.351000E+1	5.299381E+1
1.700000E-4	-1.148685E-6	5.351000E+1	5.299381E+1
1.720000E-4	-1.090130E-6	5.351000E+1	5.299381E+1
1.740000E-4	-1.065164E-6	5.351000E+1	5.299381E+1
1.760000E-4	-1.020446E-6	5.351000E+1	5.299381E+1
1.780000E-4	-9.883615E-7	5.351000E+1	5.299381E+1
1.800000E-4	-9.325139E-7	5.351000E+1	5.299381E+1
1.820000E-4	-8.932101E-7	5.351000E+1	5.299381E+1
1.840000E-4	-8.499959E-7	5.351000E+1	5.299381E+1
1.860000E-4	-7.980589E-7	5.351000E+1	5.299381E+1
1.880000E-4	-7.292772E-7	5.351000E+1	5.299381E+1
1.900000E-4	-6.502684E-7	5.351000E+1	5.299381E+1
1.920000E-4	-6.343263E-7	5.351000E+1	5.299381E+1
1.940000E-4	-5.604310E-7	5.351000E+1	5.299381E+1
1.960000E-4	-4.710950E-7	5.351000E+1	5.299381E+1
1.980000E-4	-4.091313E-7	5.351000E+1	5.299381E+1
2.000000E-4	-3.569935E-7	5.351000E+1	5.299381E+1
2.000000E-4	-3.714316E-7	5.351000E+1	5.299381E+1
2.000000E-4	-3.546874E-7	5.351000E+1	5.299381E+1
1.980000E-4	-4.409151E-7	5.351000E+1	5.299381E+1
1.960000E-4	-4.672848E-7	5.351000E+1	5.299381E+1
1.940000E-4	-5.508055E-7	5.351000E+1	5.299381E+1
1.920000E-4	-6.076557E-7	5.351000E+1	5.299381E+1
1.900000E-4	-6.648067E-7	5.351000E+1	5.299381E+1
1.880000E-4	-7.464223E-7	5.351000E+1	5.299381E+1
1.860000E-4	-7.422112E-7	5.351000E+1	5.299381E+1
1.840000E-4	-8.365605E-7	5.351000E+1	5.299381E+1
1.820000E-4	-8.675423E-7	5.351000E+1	5.299381E+1
1.800000E-4	-9.242923E-7	5.351000E+1	5.299381E+1
1.780000E-4	-9.446463E-7	5.351000E+1	5.299381E+1
1.760000E-4	-9.955808E-7	5.351000E+1	5.299381E+1
1.740000E-4	-1.113392E-6	5.351000E+1	5.299381E+1
1.720000E-4	-1.137556E-6	5.351000E+1	5.299381E+1
1.700000E-4	-1.197013E-6	5.351000E+1	5.299381E+1
1.680000E-4	-1.228597E-6	5.351000E+1	5.299381E+1
1.660000E-4	-1.268502E-6	5.351000E+1	5.299381E+1
1.640000E-4	-1.309811E-6	5.351000E+1	5.299381E+1
1.620000E-4	-1.376688E-6	5.351000E+1	5.299381E+1
1.600000E-4	-1.446071E-6	5.351000E+1	5.299381E+1
1.580000E-4	-1.505328E-6	5.351000E+1	5.299381E+1
1.560000E-4	-1.492795E-6	5.351000E+1	5.299381E+1
1.540000E-4	-1.527888E-6	5.351000E+1	5.299381E+1
1.520000E-4	-1.592759E-6	5.351000E+1	5.299381E+1
1.500000E-4	-1.641187E-6	5.351000E+1	5.299381E+1
1.480000E-4	-1.694929E-6	5.351000E+1	5.299381E+1
1.460000E-4	-1.735236E-6	5.351000E+1	5.299381E+1
1.440000E-4	-1.782561E-6	5.351000E+1	5.299381E+1
1.420000E-4	-1.818957E-6	5.351000E+1	5.299381E+1
1.400000E-4	-1.857158E-6	5.351000E+1	5.299381E+1
1.380000E-4	-1.828983E-6	5.351000E+1	5.299381E+1
1.360000E-4	-1.867485E-6	5.351000E+1	5.299381E+1
1.340000E-4	-1.942884E-6	5.351000E+1	5.299381E+1
1.320000E-4	-1.982589E-6	5.351000E+1	5.299381E+1
1.300000E-4	-1.984594E-6	5.351000E+1	5.299381E+1
1.280000E-4	-2.001037E-6	5.351000E+1	5.299381E+1
1.260000E-4	-2.035127E-6	5.351000E+1	5.299381E+1
1.240000E-4	-2.021491E-6	5.351000E+1	5.299381E+1
1.220000E-4	-2.033423E-6	5.351000E+1	5.299381E+1
1.200000E-4	-2.085861E-6	5.351000E+1	5.299381E+1
1.180000E-4	-2.127071E-6	5.351000E+1	5.299381E+1
1.160000E-4	-2.112733E-6	5.351000E+1	5.299381E+1
1.140000E-4	-2.163166E-6	5.351000E+1	5.299381E+1
1.120000E-4	-2.197758E-6	5.351000E+1	5.299381E+1
1.100000E-4	-2.233452E-6	5.351000E+1	5.299381E+1
1.080000E-4	-2.261526E-6	5.351000E+1	5.299381E+1
1.060000E-4	-2.250397E-6	5.351000E+1	5.299381E+1
1.040000E-4	-2.199863E-6	5.351000E+1	5.299381E+1
1.020000E-4	-2.226734E-6	5.351000E+1	5.299381E+1
1.000000E-4	-2.196755E-6	5.351000E+1	5.299381E+1
9.800000E-5	-2.259922E-6	5.351000E+1	5.299381E+1
9.600000E-5	-2.329205E-6	5.351000E+1	5.299381E+1
9.400000E-5	-2.350661E-6	5.351000E+1	5.299381E+1
9.200000E-5	-2.379838E-6	5.351000E+1	5.299381E+1
9.000000E-5	-2.428066E-6	5.351000E+1	5.299381E+1
8.800000E-5	-2.411522E-6	5.351000E+1	5.299381E+1
8.600000E-5	-2.465465E-6	5.351000E+1	5.299381E+1
8.400000E-5	-2.440900E-6	5.351000E+1	5.299381E+1
8.200000E-5	-2.505671E-6	5.351000E+1	5.299381E+1
8.000000E-5	-2.512088E-6	5.351000E+1	5.299381E+1
7.800000E-5	-2.522917E-6	5.351000E+1	5.299381E+1
7.600000E-5	-2.539460E-6	5.351000E+1	5.299381E+1
7.400000E-5	-2.561920E-6	5.351000E+1	5.299381E+1
7.200000E-5	-2.560115E-6	5.351000E+1	5.299381E+1
7.000000E-5	-2.580970E-6	5.351000E+1	5.299381E+1
6.800000E-5	-2.616163E-6	5.351000E+1	5.299381E+1
6.600000E-5	-2.618870E-6	5.351000E+1	5.299381E+1
6.400000E-5	-2.659678E-6	5.351000E+1	5.299381E+1
6.200000E-5	-2.664491E-6	5.351000E+1	5.299381E+1
6.000000E-5	-2.661784E-6	5.351000E+1	5.299381E+1
5.800000E-5	-2.711515E-6	5.351000E+1	5.299381E+1
5.600000E-5	-2.681436E-6	5.351000E+1	5.299381E+1
5.400000E-5	-2.719937E-6	5.351000E+1	5.299381E+1
5.200000E-5	-2.667900E-6	5.351000E+1	5.299381E+1
5.000000E-5	-2.677726E-6	5.351000E+1	5.299381E+1
4.800000E-5	-2.700486E-6	5.351000E+1	5.299381E+1
4.600000E-5	-2.715626E-6	5.351000E+1	5.299381E+1
4.400000E-5	-2.720038E-6	5.351000E+1	5.299381E+1
4.200000E-5	-2.735278E-6	5.351000E+1	5.299381E+1
4.000000E-5	-2.738186E-6	5.351000E+1	5.299381E+1
3.800000E-5	-2.740592E-6	5.351000E+1	5.299381E+1
3.600000E-5	-2.710813E-6	5.351000E+1	5.299381E+1
3.400000E-5	-2.758740E-6	5.351000E+1	5.299381E+1
3.200000E-5	-2.735579E-6	5.351000E+1	5.299381E+1
3.000000E-5	-2.736281E-6	5.351000E+1	5.299381E+1
2.800000E-5	-2.730064E-6	5.351000E+1	5.299381E+1
2.600000E-5	-2.754028E-6	5.351000E+1	5.299381E+1
2.400000E-5	-2.746307E-6	5.351000E+1	5.299381E+1
2.200000E-5	-2.784508E-6	5.351000E+1	5.299381E+1
2.000000E-5	-2.798044E-6	5.351000E+1	5.299381E+1
1.800000E-5	-2.798847E-6	5.351000E+1	5.299381E+1
1.600000E-5	-2.823713E-6	5.351000E+1	5.299381E+1
1.400000E-5	-2.833840E-6	5.351000E+1	5.299381E+1
1.200000E-5	-2.791728E-6	5.351000E+1	5.299381E+1
1.000000E-5	-2.865323E-6	5.351000E+1	5.299381E+1
8.000000E-6	-2.836647E-6	5.351000E+1	5.299381E+1
6.000000E-6	-2.868230E-6	5.351000E+1	5.299381E+1
4.000000E-6	-2.886880E-6	5.351000E+1	5.299381E+1
2.000000E-6	-2.851586E-6	5.351000E+1	5.299381E+1
0.000000E+0	-2.890489E-6	5.349000E+1	5.301936E+1
-2.000000E-6	-2.844166E-6	5.349000E+1	5.301936E+1
-4.000000E-6	-2.836747E-6	5.349000E+1	5.301936E+1
-6.000000E-6	-2.813184E-6	5.349000E+1	5.301936E+1
-8.000000E-6	-2.838150E-6	5.349000E+1	5.301936E+1
-1.000000E-5	-2.822208E-6	5.349000E+1	5.301936E+1
-1.200000E-5	-2.890489E-6	5.349000E+1	5.301936E+1
-1.400000E-5	-2.889788E-6	5.349000E+1	5.301936E+1
-1.600000E-5	-2.866526E-6	5.349000E+1	5.301936E+1
-1.800000E-5	-2.905830E-6	5.349000E+1	5.301936E+1
-2.000000E-5	-2.877856E-6	5.349000E+1	5.301936E+1
-2.200000E-5	-2.881766E-6	5.349000E+1	5.301936E+1
-2.400000E-5	-2.900015E-6	5.349000E+1	5.301936E+1
-2.600000E-5	-2.885075E-6	5.349000E+1	5.301936E+1
-2.800000E-5	-2.881867E-6	5.349000E+1	5.301936E+1
-3.000000E-5	-2.882769E-6	5.349000E+1	5.301936E+1
-3.200000E-5	-2.911545E-6	5.349000E+1	5.301936E+1
-3.400000E-5	-2.918964E-6	5.349000E+1	5.301936E+1
-3.600000E-5	-2.914753E-6	5.349000E+1	5.301936E+1
-3.800000E-5	-2.913149E-6	5.349000E+1	5.301936E+1
-4.000000E-5	-2.896706E-6	5.349000E+1	5.301936E+1
-4.200000E-5	-2.949645E-6	5.349000E+1	5.301936E+1
-4.400000E-5	-2.921972E-6	5.349000E+1	5.301936E+1
-4.600000E-5	-2.921371E-6	5.349000E+1	5.301936E+1
-4.800000E-5	-2.941123E-6	5.349000E+1	5.301936E+1
-5.000000E-5	-2.945234E-6	5.349000E+1	5.301936E+1
-5.200000E-5	-2.948041E-6	5.349000E+1	5.301936E+1
-5.400000E-5	-2.945735E-6	5.349000E+1	5.301936E+1
-5.600000E-5	-2.914252E-6	5.349000E+1	5.301936E+1
-5.800000E-5	-2.948943E-6	5.349000E+1	5.301936E+1
-6.000000E-5	-2.958970E-6	5.349000E+1	5.301936E+1
-6.200000E-5	-2.935408E-6	5.349000E+1	5.301936E+1
-6.400000E-5	-2.980025E-6	5.349000E+1	5.301936E+1
-6.600000E-5	-2.939919E-6	5.349000E+1	5.301936E+1
-6.800000E-5	-2.963983E-6	5.349000E+1	5.301936E+1
-7.000000E-5	-2.973508E-6	5.349000E+1	5.301936E+1
-7.200000E-5	-2.986744E-6	5.349000E+1	5.301936E+1
-7.400000E-5	-3.006396E-6	5.349000E+1	5.301936E+1
-7.600000E-5	-3.007900E-6	5.349000E+1	5.301936E+1
-7.800000E-5	-2.977620E-6	5.349000E+1	5.301936E+1
-8.000000E-5	-3.002385E-6	5.349000E+1	5.301936E+1
-8.200000E-5	-3.011609E-6	5.349000E+1	5.301936E+1
-8.400000E-5	-2.989451E-6	5.349000E+1	5.301936E+1
-8.600000E-5	-3.021937E-6	5.349000E+1	5.301936E+1
-8.800000E-5	-3.002385E-6	5.349000E+1	5.301936E+1
-9.000000E-5	-3.049911E-6	5.349000E+1	5.301936E+1
-9.200000E-5	-3.008200E-6	5.349000E+1	5.301936E+1
-9.400000E-5	-3.043894E-6	5.349000E+1	5.301936E+1
-9.600000E-5	-3.053419E-6	5.349000E+1	5.301936E+1
-9.800000E-5	-3.031361E-6	5.349000E+1	5.301936E+1
-1.000000E-4	-3.095230E-6	5.349000E+1	5.301936E+1
-1.020000E-4	-3.090618E-6	5.349000E+1	5.301936E+1
-1.040000E-4	-3.144159E-6	5.349000E+1	5.301936E+1
-1.060000E-4	-3.409661E-6	5.349000E+1	5.301936E+1
-1.080000E-4	-3.419788E-6	5.349000E+1	5.301936E+1
-1.100000E-4	-3.454880E-6	5.349000E+1	5.301936E+1
-1.120000E-4	-3.452473E-6	5.349000E+1	5.301936E+1
-1.140000E-4	-3.501202E-6	5.349000E+1	5.301936E+1
-1.160000E-4	-3.485460E-6	5.349000E+1	5.301936E+1
-1.180000E-4	-3.499798E-6	5.349000E+1	5.301936E+1
-1.200000E-4	-3.507017E-6	5.349000E+1	5.301936E+1
-1.220000E-4	-3.513635E-6	5.349000E+1	5.301936E+1
-1.240000E-4	-3.549530E-6	5.349000E+1	5.301936E+1
-1.260000E-4	-3.630544E-6	5.349000E+1	5.301936E+1
-1.280000E-4	-3.601968E-6	5.349000E+1	5.301936E+1
-1.300000E-4	-3.628137E-6	5.349000E+1	5.301936E+1
-1.320000E-4	-3.664131E-6	5.349000E+1	5.301936E+1
-1.340000E-4	-3.677767E-6	5.349000E+1	5.301936E+1
-1.360000E-4	-3.711757E-6	5.349000E+1	5.301936E+1
-1.380000E-4	-3.762692E-6	5.349000E+1	5.301936E+1
-1.400000E-4	-3.787959E-6	5.349000E+1	5.301936E+1
-1.420000E-4	-3.811421E-6	5.349000E+1	5.301936E+1
-1.440000E-4	-3.848218E-6	5.349000E+1	5.301936E+1
-1.460000E-4	-3.856540E-6	5.349000E+1	5.301936E+1
-1.480000E-4	-3.872783E-6	5.349000E+1	5.301936E+1
-1.500000E-4	-3.917701E-6	5.349000E+1	5.301936E+1
-1.520000E-4	-3.945474E-6	5.349000E+1	5.301936E+1
-1.540000E-4	-4.026488E-6	5.349000E+1	5.301936E+1
-1.560000E-4	-4.040525E-6	5.349000E+1	5.301936E+1
-1.580000E-4	-4.076420E-6	5.349000E+1	5.301936E+1
-1.600000E-4	-4.122943E-6	5.349000E+1	5.301936E+1
-1.620000E-4	-4.159239E-6	5.349000E+1	5.301936E+1
-1.640000E-4	-4.138183E-6	5.349000E+1	5.301936E+1
-1.660000E-4	-4.283467E-6	5.349000E+1	5.301936E+1
-1.680000E-4	-4.278755E-6	5.349000E+1	5.301936E+1
-1.700000E-4	-4.319663E-6	5.349000E+1	5.301936E+1
-1.720000E-4	-4.356258E-6	5.349000E+1	5.301936E+1
-1.740000E-4	-4.436670E-6	5.349000E+1	5.301936E+1
-1.760000E-4	-4.479884E-6	5.349000E+1	5.301936E+1
-1.780000E-4	-4.520893E-6	5.349000E+1	5.301936E+1
-1.800000E-4	-4.566914E-6	5.349000E+1	5.301936E+1
-1.820000E-4	-4.623263E-6	5.349000E+1	5.301936E+1
-1.840000E-4	-4.679110E-6	5.349000E+1	5.301936E+1
-1.860000E-4	-4.702873E-6	5.349000E+1	5.301936E+1
-1.880000E-4	-4.782082E-6	5.349000E+1	5.301936E+1
-1.900000E-4	-4.880041E-6	5.349000E+1	5.301936E+1
-1.920000E-4	-4.905811E-6	5.349000E+1	5.301936E+1
-1.940000E-4	-4.925864E-6	5.349000E+1	5.301936E+1
-1.960000E-4	-5.019812E-6	5.349000E+1	5.301936E+1
-1.980000E-4	-5.039564E-6	5.349000E+1	5.301936E+1
-2.000000E-4	-5.105538E-6	5.349000E+1	5.301936E+1
-2.000000E-4	-5.113760E-6	5.349000E+1	5.301936E+1
-2.000000E-4	-5.136320E-6	5.349000E+1	5.301936E+1
-1.980000E-4	-5.098520E-6	5.349000E+1	5.301936E+1
-1.960000E-4	-5.035955E-6	5.349000E+1	5.301936E+1
-1.940000E-4	-4.950228E-6	5.349000E+1	5.301936E+1
-1.920000E-4	-4.890973E-6	5.349000E+1	5.301936E+1
-1.900000E-4	-4.834223E-6	5.349000E+1	5.301936E+1
-1.880000E-4	-4.781885E-6	5.349000E+1	5.301936E+1
-1.860000E-4	-4.739473E-6	5.349000E+1	5.301936E+1
-1.840000E-4	-4.669989E-6	5.349000E+1	5.301936E+1
-1.820000E-4	-4.605118E-6	5.349000E+1	5.301936E+1
-1.800000E-4	-4.547566E-6	5.349000E+1	5.301936E+1
-1.780000E-4	-4.536637E-6	5.349000E+1	5.301936E+1
-1.760000E-4	-4.449406E-6	5.349000E+1	5.301936E+1
-1.740000E-4	-4.416720E-6	5.349000E+1	5.301936E+1
-1.720000E-4	-4.367189E-6	5.349000E+1	5.301936E+1
-1.700000E-4	-4.293494E-6	5.349000E+1	5.301936E+1
-1.680000E-4	-4.269631E-6	5.349000E+1	5.301936E+1
-1.660000E-4	-4.229124E-6	5.349000E+1	5.301936E+1
-1.640000E-4	-4.220401E-6	5.349000E+1	5.301936E+1
-1.620000E-4	-4.194633E-6	5.349000E+1	5.301936E+1
-1.600000E-4	-4.126553E-6	5.349000E+1	5.301936E+1
-1.580000E-4	-4.085043E-6	5.349000E+1	5.301936E+1
-1.560000E-4	-4.060579E-6	5.349000E+1	5.301936E+1
-1.540000E-4	-3.989290E-6	5.349000E+1	5.301936E+1
-1.520000E-4	-3.955402E-6	5.349000E+1	5.301936E+1
-1.500000E-4	-3.908178E-6	5.349000E+1	5.301936E+1
-1.480000E-4	-3.901660E-6	5.349000E+1	5.301936E+1
-1.460000E-4	-3.860953E-6	5.349000E+1	5.301936E+1
-1.440000E-4	-3.818340E-6	5.349000E+1	5.301936E+1
-1.420000E-4	-3.796482E-6	5.349000E+1	5.301936E+1
-1.400000E-4	-3.779939E-6	5.349000E+1	5.301936E+1
-1.380000E-4	-3.729706E-6	5.349000E+1	5.301936E+1
-1.360000E-4	-3.682481E-6	5.349000E+1	5.301936E+1
-1.340000E-4	-3.669046E-6	5.349000E+1	5.301936E+1
-1.320000E-4	-3.661825E-6	5.349000E+1	5.301936E+1
-1.300000E-4	-3.660521E-6	5.349000E+1	5.301936E+1
-1.280000E-4	-3.590236E-6	5.349000E+1	5.301936E+1
-1.260000E-4	-3.553338E-6	5.349000E+1	5.301936E+1
-1.240000E-4	-3.551333E-6	5.349000E+1	5.301936E+1
-1.220000E-4	-3.534589E-6	5.349000E+1	5.301936E+1
-1.200000E-4	-3.535591E-6	5.349000E+1	5.301936E+1
-1.180000E-4	-3.495586E-6	5.349000E+1	5.301936E+1
-1.160000E-4	-3.465606E-6	5.349000E+1	5.301936E+1
-1.140000E-4	-3.426102E-6	5.349000E+1	5.301936E+1
-1.120000E-4	-3.411964E-6	5.349000E+1	5.301936E+1
-1.100000E-4	-3.395521E-6	5.349000E+1	5.301936E+1
-1.080000E-4	-3.377674E-6	5.349000E+1	5.301936E+1
-1.060000E-4	-3.363636E-6	5.349000E+1	5.301936E+1
-1.040000E-4	-3.120895E-6	5.349000E+1	5.301936E+1
-1.020000E-4	-3.095027E-6	5.349000E+1	5.301936E+1
-1.000000E-4	-3.066953E-6	5.349000E+1	5.301936E+1
-9.800000E-5	-3.054620E-6	5.349000E+1	5.301936E+1
-9.600000E-5	-3.036372E-6	5.349000E+1	5.301936E+1
-9.400000E-5	-3.056525E-6	5.349000E+1	5.301936E+1
-9.200000E-5	-3.063242E-6	5.349000E+1	5.301936E+1
-9.000000E-5	-3.057627E-6	5.349000E+1	5.301936E+1
-8.800000E-5	-3.033965E-6	5.349000E+1	5.301936E+1
-8.600000E-5	-3.047801E-6	5.349000E+1	5.301936E+1
-8.400000E-5	-3.021231E-6	5.349000E+1	5.301936E+1
-8.200000E-5	-2.996666E-6	5.349000E+1	5.301936E+1
-8.000000E-5	-3.006693E-6	5.349000E+1	5.301936E+1
-7.800000E-5	-3.007495E-6	5.349000E+1	5.301936E+1
-7.600000E-5	-2.972302E-6	5.349000E+1	5.301936E+1
-7.400000E-5	-2.964481E-6	5.349000E+1	5.301936E+1
-7.200000E-5	-2.948038E-6	5.349000E+1	5.301936E+1
-7.000000E-5	-2.921167E-6	5.349000E+1	5.301936E+1
-6.800000E-5	-2.974207E-6	5.349000E+1	5.301936E+1
-6.600000E-5	-2.925780E-6	5.349000E+1	5.301936E+1
-6.400000E-5	-2.937711E-6	5.349000E+1	5.301936E+1
-6.200000E-5	-2.932798E-6	5.349000E+1	5.301936E+1
-6.000000E-5	-2.924977E-6	5.349000E+1	5.301936E+1
-5.800000E-5	-2.934904E-6	5.349000E+1	5.301936E+1
-5.600000E-5	-2.930191E-6	5.349000E+1	5.301936E+1
-5.400000E-5	-2.940117E-6	5.349000E+1	5.301936E+1
-5.200000E-5	-2.927886E-6	5.349000E+1	5.301936E+1
-5.000000E-5	-2.901416E-6	5.349000E+1	5.301936E+1
-4.800000E-5	-2.886477E-6	5.349000E+1	5.301936E+1
-4.600000E-5	-2.863416E-6	5.349000E+1	5.301936E+1
-4.400000E-5	-2.907432E-6	5.349000E+1	5.301936E+1
-4.200000E-5	-2.907131E-6	5.349000E+1	5.301936E+1
-4.000000E-5	-2.847273E-6	5.349000E+1	5.301936E+1
-3.800000E-5	-2.910139E-6	5.349000E+1	5.301936E+1
-3.600000E-5	-2.893094E-6	5.349000E+1	5.301936E+1
-3.400000E-5	-2.898909E-6	5.349000E+1	5.301936E+1
-3.200000E-5	-2.886978E-6	5.349000E+1	5.301936E+1
-3.000000E-5	-2.864619E-6	5.349000E+1	5.301936E+1
-2.800000E-5	-2.880160E-6	5.349000E+1	5.301936E+1
-2.600000E-5	-2.894498E-6	5.349000E+1	5.301936E+1
-2.400000E-5	-2.853590E-6	5.349000E+1	5.301936E+1
-2.200000E-5	-2.882767E-6	5.349000E+1	5.301936E+1
-2.000000E-5	-2.888883E-6	5.349000E+1	5.301936E+1
-1.800000E-5	-2.880059E-6	5.349000E+1	5.301936E+1
-1.600000E-5	-2.869030E-6	5.349000E+1	5.301936E+1
-1.400000E-5	-2.872840E-6	5.349000E+1	5.301936E+1
-1.200000E-5	-2.855897E-6	5.349000E+1	5.301936E+1
-1.000000E-5	-2.771374E-6	5.349000E+1	5.301936E+1
-8.000000E-6	-2.761448E-6	5.349000E+1	5.301936E+1
-6.000000E-6	-2.770772E-6	5.349000E+1	5.301936E+1
-4.000000E-6	-2.770471E-6	5.349000E+1	5.301936E+1
-2.000000E-6	-2.767965E-6	5.349000E+1	5.301936E+1
-0.000000E+0	-2.811780E-6	5.349000E+1	5.301221E+1
0.000000E+0	-2.750816E-6	5.550000E+1	5.487458E+1
