I	V	T_diode	T_cernox
1.500000E-5	-2.808061E-6	5.149000E+1	5.110214E+1
3.000000E-5	-2.775675E-6	5.149000E+1	5.110214E+1
4.500000E-5	-2.771465E-6	5.149000E+1	5.110214E+1
6.000000E-5	-2.790816E-6	5.149000E+1	5.110214E+1
7.500000E-5	-2.790114E-6	5.149000E+1	5.110214E+1
9.000000E-5	-2.790816E-6	5.149000E+1	5.110214E+1
1.050000E-4	-2.829618E-6	5.149000E+1	5.110214E+1
1.200000E-4	-2.803649E-6	5.149000E+1	5.110214E+1
1.350000E-4	-2.786203E-6	5.149000E+1	5.110214E+1
1.500000E-4	-2.781090E-6	5.149000E+1	5.110214E+1
1.650000E-4	-2.786604E-6	5.149000E+1	5.110214E+1
1.800000E-4	-2.774071E-6	5.149000E+1	5.110214E+1
1.950000E-4	-2.776779E-6	5.149000E+1	5.110214E+1
2.100000E-4	-2.755122E-6	5.149000E+1	5.110214E+1
2.250000E-4	-2.730457E-6	5.149000E+1	5.110214E+1
2.400000E-4	-2.708198E-6	5.149000E+1	5.110214E+1
2.550000E-4	-2.671301E-6	5.149000E+1	5.110214E+1
2.700000E-4	-2.632799E-6	5.149000E+1	5.110214E+1
2.850000E-4	-2.590788E-6	5.149000E+1	5.110214E+1
3.000000E-4	-2.568329E-6	5.149000E+1	5.110214E+1
3.150000E-4	-2.471975E-6	5.149000E+1	5.110214E+1
3.300000E-4	-2.390660E-6	5.149000E+1	5.110214E+1
3.450000E-4	-2.264226E-6	5.149000E+1	5.110214E+1
3.600000E-4	-2.173186E-6	5.149000E+1	5.110214E+1
3.750000E-4	-2.061993E-6	5.149000E+1	5.110214E+1
3.900000E-4	-1.899965E-6	5.149000E+1	5.110214E+1
4.050000E-4	-1.707858E-6	5.149000E+1	5.110214E+1
4.200000E-4	-1.520864E-6	5.149000E+1	5.110214E+1
4.350000E-4	-1.323042E-6	5.149000E+1	5.110214E+1
4.500000E-4	-1.091932E-6	5.149000E+1	5.110214E+1
4.650000E-4	-8.494920E-7	5.149000E+1	5.110214E+1
4.800000E-4	-5.653420E-7	5.149000E+1	5.110214E+1
4.950000E-4	-2.529173E-7	5.149000E+1	5.110214E+1
5.100000E-4	5.078433E-8	5.149000E+1	5.110214E+1
5.250000E-4	3.742387E-7	5.149000E+1	5.110214E+1
5.400000E-4	7.488286E-7	5.149000E+1	5.110214E+1
5.550000E-4	1.120711E-6	5.149000E+1	5.110214E+1
5.700000E-4	1.529291E-6	5.149000E+1	5.110214E+1
5.850000E-4	1.957422E-6	5.149000E+1	5.110214E+1
6.000000E-4	2.435987E-6	5.149000E+1	5.110214E+1
6.150000E-4	2.908836E-6	5.149000E+1	5.110214E+1
6.300000E-4	3.379881E-6	5.149000E+1	5.110214E+1
6.450000E-4	3.913792E-6	5.149000E+1	5.110214E+1
6.600000E-4	4.473070E-6	5.149000E+1	5.110214E+1
6.750000E-4	5.051900E-6	5.149000E+1	5.110214E+1
6.900000E-4	5.615590E-6	5.149000E+1	5.110214E+1
7.050000E-4	6.226604E-6	5.149000E+1	5.110214E+1
7.200000E-4	6.872712E-6	5.149000E+1	5.110214E+1
7.350000E-4	7.525738E-6	5.149000E+1	5.110214E+1
7.500000E-4	8.195407E-6	5.149000E+1	5.110214E+1
7.650000E-4	8.933558E-6	5.149000E+1	5.110214E+1
7.800000E-4	9.650653E-6	5.149000E+1	5.110214E+1
7.950000E-4	1.043583E-5	5.149000E+1	5.110214E+1
8.100000E-4	1.120446E-5	5.149000E+1	5.110214E+1
8.250000E-4	1.201269E-5	5.149000E+1	5.110214E+1
8.400000E-4	1.283306E-5	5.149000E+1	5.110214E+1
8.550000E-4	1.373334E-5	5.149000E+1	5.110214E+1
8.700000E-4	1.458018E-5	5.149000E+1	5.110214E+1
8.850000E-4	1.553941E-5	5.149000E+1	5.110214E+1
9.000000E-4	1.648852E-5	5.149000E+1	5.110214E+1
9.150000E-4	1.746129E-5	5.149000E+1	5.110214E+1
9.300000E-4	1.847748E-5	5.149000E+1	5.110214E+1
9.450000E-4	1.945637E-5	5.149000E+1	5.110214E+1
9.600000E-4	2.053532E-5	5.149000E+1	5.110214E+1
9.750000E-4	2.160143E-5	5.149000E+1	5.110214E+1
9.900000E-4	2.270946E-5	5.149000E+1	5.110214E+1
1.005000E-3	2.385539E-5	5.149000E+1	5.110214E+1
1.020000E-3	2.498859E-5	5.149000E+1	5.110214E+1
1.035000E-3	2.621372E-5	5.149000E+1	5.110214E+1
1.050000E-3	2.741871E-5	5.149000E+1	5.110214E+1
1.065000E-3	2.853135E-5	5.149000E+1	5.110214E+1
1.080000E-3	2.981113E-5	5.149000E+1	5.110214E+1
1.095000E-3	3.109072E-5	5.149000E+1	5.110214E+1
1.110000E-3	3.241182E-5	5.149000E+1	5.110214E+1
1.125000E-3	3.377452E-5	5.149000E+1	5.110214E+1
1.140000E-3	3.513902E-5	5.149000E+1	5.110214E+1
1.155000E-3	3.655607E-5	5.149000E+1	5.110214E+1
1.170000E-3	3.799206E-5	5.149000E+1	5.110214E+1
1.185000E-3	3.944410E-5	5.149000E+1	5.110214E+1
1.200000E-3	4.095630E-5	5.149000E+1	5.110214E+1
1.215000E-3	4.243340E-5	5.149000E+1	5.110214E+1
1.230000E-3	4.398470E-5	5.149000E+1	5.110214E+1
1.245000E-3	4.557349E-5	5.149000E+1	5.110214E+1
1.260000E-3	4.720059E-5	5.149000E+1	5.110214E+1
1.275000E-3	4.879020E-5	5.149000E+1	5.110214E+1
1.290000E-3	5.046833E-5	5.149000E+1	5.110214E+1
1.305000E-3	5.221886E-5	5.149000E+1	5.110214E+1
1.320000E-3	5.394111E-5	5.149000E+1	5.110214E+1
1.335000E-3	5.568863E-5	5.149000E+1	5.110214E+1
1.350000E-3	5.748457E-5	5.149000E+1	5.110214E+1
1.365000E-3	5.930829E-5	5.149000E+1	5.110214E+1
1.380000E-3	6.121503E-5	5.149000E+1	5.110214E+1
1.395000E-3	6.306263E-5	5.149000E+1	5.110214E+1
1.410000E-3	6.498280E-5	5.149000E+1	5.110214E+1
1.425000E-3	6.692784E-5	5.149000E+1	5.110214E+1
1.440000E-3	6.887920E-5	5.149000E+1	5.110214E+1
1.455000E-3	7.091288E-5	5.149000E+1	5.110214E+1
1.470000E-3	7.299307E-5	5.149000E+1	5.110214E+1
1.485000E-3	7.505773E-5	5.149000E+1	5.110214E+1
1.500000E-3	7.717733E-5	5.149000E+1	5.110214E+1
1.485000E-3	7.504219E-5	5.149000E+1	5.110214E+1
1.470000E-3	7.296279E-5	5.149000E+1	5.110214E+1
1.455000E-3	7.085963E-5	5.149000E+1	5.110214E+1
1.440000E-3	6.887820E-5	5.149000E+1	5.110214E+1
1.425000E-3	6.690358E-5	5.149000E+1	5.110214E+1
1.410000E-3	6.493728E-5	5.149000E+1	5.110214E+1
1.395000E-3	6.298823E-5	5.149000E+1	5.110214E+1
1.380000E-3	6.112119E-5	5.149000E+1	5.110214E+1
1.365000E-3	5.923701E-5	5.149000E+1	5.110214E+1
1.350000E-3	5.745430E-5	5.149000E+1	5.110214E+1
1.335000E-3	5.564522E-5	5.149000E+1	5.110214E+1
1.320000E-3	5.389309E-5	5.149000E+1	5.110214E+1
1.305000E-3	5.211959E-5	5.149000E+1	5.110214E+1
1.290000E-3	5.043675E-5	5.149000E+1	5.110214E+1
1.275000E-3	4.876102E-5	5.149000E+1	5.110214E+1
1.260000E-3	4.712128E-5	5.149000E+1	5.110214E+1
1.245000E-3	4.550491E-5	5.149000E+1	5.110214E+1
1.230000E-3	4.394108E-5	5.149000E+1	5.110214E+1
1.215000E-3	4.235258E-5	5.149000E+1	5.110214E+1
1.200000E-3	4.085312E-5	5.149000E+1	5.110214E+1
1.185000E-3	3.938764E-5	5.149000E+1	5.110214E+1
1.170000E-3	3.790092E-5	5.149000E+1	5.110214E+1
1.155000E-3	3.643804E-5	5.149000E+1	5.110214E+1
1.140000E-3	3.504777E-5	5.149000E+1	5.110214E+1
1.125000E-3	3.369339E-5	5.149000E+1	5.110214E+1
1.110000E-3	3.233821E-5	5.149000E+1	5.110214E+1
1.095000E-3	3.099767E-5	5.149000E+1	5.110214E+1
1.080000E-3	2.970315E-5	5.149000E+1	5.110214E+1
1.065000E-3	2.842998E-5	5.149000E+1	5.110214E+1
1.050000E-3	2.733168E-5	5.149000E+1	5.110214E+1
1.035000E-3	2.613060E-5	5.149000E+1	5.110214E+1
1.020000E-3	2.490807E-5	5.149000E+1	5.110214E+1
1.005000E-3	2.375052E-5	5.149000E+1	5.110214E+1
9.900000E-4	2.261883E-5	5.149000E+1	5.110214E+1
9.750000E-4	2.154529E-5	5.149000E+1	5.110214E+1
9.600000E-4	2.042964E-5	5.149000E+1	5.110214E+1
9.450000E-4	1.939230E-5	5.149000E+1	5.110214E+1
9.300000E-4	1.838073E-5	5.149000E+1	5.110214E+1
9.150000E-4	1.739793E-5	5.149000E+1	5.110214E+1
9.000000E-4	1.641924E-5	5.149000E+1	5.110214E+1
8.850000E-4	1.547334E-5	5.149000E+1	5.110214E+1
8.700000E-4	1.453546E-5	5.149000E+1	5.110214E+1
8.550000E-4	1.366276E-5	5.149000E+1	5.110214E+1
8.400000E-4	1.278073E-5	5.149000E+1	5.110214E+1
8.250000E-4	1.192838E-5	5.149000E+1	5.110214E+1
8.100000E-4	1.109237E-5	5.149000E+1	5.110214E+1
7.950000E-4	1.035622E-5	5.149000E+1	5.110214E+1
7.800000E-4	9.579368E-6	5.149000E+1	5.110214E+1
7.650000E-4	8.852848E-6	5.149000E+1	5.110214E+1
7.500000E-4	8.118307E-6	5.149000E+1	5.110214E+1
7.350000E-4	7.456056E-6	5.149000E+1	5.110214E+1
7.200000E-4	6.817970E-6	5.149000E+1	5.110214E+1
7.050000E-4	6.202143E-6	5.149000E+1	5.110214E+1
6.900000E-4	5.553027E-6	5.149000E+1	5.110214E+1
6.750000E-4	4.985026E-6	5.149000E+1	5.110214E+1
6.600000E-4	4.454423E-6	5.149000E+1	5.110214E+1
6.450000E-4	3.924422E-6	5.149000E+1	5.110214E+1
6.300000E-4	3.356722E-6	5.149000E+1	5.110214E+1
6.150000E-4	2.874146E-6	5.149000E+1	5.110214E+1
6.000000E-4	2.443608E-6	5.149000E+1	5.110214E+1
5.850000E-4	2.005751E-6	5.149000E+1	5.110214E+1
5.700000E-4	1.540421E-6	5.149000E+1	5.110214E+1
5.550000E-4	1.177362E-6	5.149000E+1	5.110214E+1
5.400000E-4	7.843231E-7	5.149000E+1	5.110214E+1
5.250000E-4	4.295852E-7	5.149000E+1	5.110214E+1
5.100000E-4	5.990827E-8	5.149000E+1	5.110214E+1
4.950000E-4	-2.292554E-7	5.149000E+1	5.110214E+1
4.800000E-4	-4.605662E-7	5.149000E+1	5.110214E+1
4.650000E-4	-7.796088E-7	5.149000E+1	5.110214E+1
4.500000E-4	-1.060551E-6	5.149000E+1	5.110214E+1
4.350000E-4	-1.252056E-6	5.149000E+1	5.110214E+1
4.200000E-4	-1.461309E-6	5.149000E+1	5.110214E+1
4.050000E-4	-1.663242E-6	5.149000E+1	5.110214E+1
3.900000E-4	-1.847829E-6	5.149000E+1	5.110214E+1
3.750000E-4	-1.986495E-6	5.149000E+1	5.110214E+1
3.600000E-4	-2.106613E-6	5.149000E+1	5.110214E+1
3.450000E-4	-2.206777E-6	5.149000E+1	5.110214E+1
3.300000E-4	-2.306741E-6	5.149000E+1	5.110214E+1
3.150000E-4	-2.388758E-6	5.149000E+1	5.110214E+1
3.000000E-4	-2.470875E-6	5.149000E+1	5.110214E+1
2.850000E-4	-2.557303E-6	5.149000E+1	5.110214E+1
2.700000E-4	-2.574247E-6	5.149000E+1	5.110214E+1
2.550000E-4	-2.590290E-6	5.149000E+1	5.110214E+1
2.400000E-4	-2.633002E-6	5.149000E+1	5.110214E+1
2.250000E-4	-2.684939E-6	5.149000E+1	5.110214E+1
2.100000E-4	-2.679024E-6	5.149000E+1	5.110214E+1
1.950000E-4	-2.718729E-6	5.149000E+1	5.110214E+1
1.800000E-4	-2.705694E-6	5.149000E+1	5.110214E+1
1.650000E-4	-2.721737E-6	5.149000E+1	5.110214E+1
1.500000E-4	-2.713415E-6	5.149000E+1	5.110214E+1
1.350000E-4	-2.717325E-6	5.149000E+1	5.110214E+1
1.200000E-4	-2.723642E-6	5.149000E+1	5.110214E+1
1.050000E-4	-2.788311E-6	5.149000E+1	5.110214E+1
9.000000E-5	-2.771968E-6	5.149000E+1	5.110214E+1
7.500000E-5	-2.762343E-6	5.149000E+1	5.110214E+1
6.000000E-5	-2.756828E-6	5.149000E+1	5.110214E+1
4.500000E-5	-2.704290E-6	5.149000E+1	5.110214E+1
3.000000E-5	-2.716923E-6	5.149000E+1	5.110214E+1
1.500000E-5	-2.720733E-6	5.149000E+1	5.110214E+1
0.000000E+0	-2.715619E-6	5.151000E+1	5.112743E+1
-1.500000E-5	-2.701482E-6	5.151000E+1	5.112743E+1
-3.000000E-5	-2.651750E-6	5.151000E+1	5.112743E+1
-4.500000E-5	-2.621270E-6	5.151000E+1	5.112743E+1
-6.000000E-5	-2.635708E-6	5.151000E+1	5.112743E+1
-7.500000E-5	-2.607133E-6	5.151000E+1	5.112743E+1
-9.000000E-5	-2.611645E-6	5.151000E+1	5.112743E+1
-1.050000E-4	-2.624077E-6	5.151000E+1	5.112743E+1
-1.200000E-4	-2.665988E-6	5.151000E+1	5.112743E+1
-1.350000E-4	-2.671002E-6	5.151000E+1	5.112743E+1
-1.500000E-4	-2.666289E-6	5.151000E+1	5.112743E+1
-1.650000E-4	-2.675514E-6	5.151000E+1	5.112743E+1
-1.800000E-4	-2.701081E-6	5.151000E+1	5.112743E+1
-1.950000E-4	-2.690854E-6	5.151000E+1	5.112743E+1
-2.100000E-4	-2.695165E-6	5.151000E+1	5.112743E+1
-2.250000E-4	-2.693160E-6	5.151000E+1	5.112743E+1
-2.400000E-4	-2.709202E-6	5.151000E+1	5.112743E+1
-2.550000E-4	-2.752417E-6	5.151000E+1	5.112743E+1
-2.700000E-4	-2.770465E-6	5.151000E+1	5.112743E+1
-2.850000E-4	-2.843357E-6	5.151000E+1	5.112743E+1
-3.000000E-4	-2.885368E-6	5.151000E+1	5.112743E+1
-3.150000E-4	-2.970493E-6	5.151000E+1	5.112743E+1
-3.300000E-4	-3.030050E-6	5.151000E+1	5.112743E+1
-3.450000E-4	-3.141043E-6	5.151000E+1	5.112743E+1
-3.600000E-4	-3.295752E-6	5.151000E+1	5.112743E+1
-3.750000E-4	-3.412460E-6	5.151000E+1	5.112743E+1
-3.900000E-4	-3.565264E-6	5.151000E+1	5.112743E+1
-4.050000E-4	-3.728394E-6	5.151000E+1	5.112743E+1
-4.200000E-4	-3.908170E-6	5.151000E+1	5.112743E+1
-4.350000E-4	-4.117423E-6	5.151000E+1	5.112743E+1
-4.500000E-4	-4.368386E-6	5.151000E+1	5.112743E+1
-4.650000E-4	-4.606414E-6	5.151000E+1	5.112743E+1
-4.800000E-4	-4.876728E-6	5.151000E+1	5.112743E+1
-4.950000E-4	-5.187549E-6	5.151000E+1	5.112743E+1
-5.100000E-4	-5.508998E-6	5.151000E+1	5.112743E+1
-5.250000E-4	-5.837164E-6	5.151000E+1	5.112743E+1
-5.400000E-4	-6.154101E-6	5.151000E+1	5.112743E+1
-5.550000E-4	-6.550548E-6	5.151000E+1	5.112743E+1
-5.700000E-4	-6.954015E-6	5.151000E+1	5.112743E+1
-5.850000E-4	-7.367306E-6	5.151000E+1	5.112743E+1
-6.000000E-4	-7.818197E-6	5.151000E+1	5.112743E+1
-6.150000E-4	-8.267082E-6	5.151000E+1	5.112743E+1
-6.300000E-4	-8.791367E-6	5.151000E+1	5.112743E+1
-6.450000E-4	-9.294696E-6	5.151000E+1	5.112743E+1
-6.600000E-4	-9.796522E-6	5.151000E+1	5.112743E+1
-6.750000E-4	-1.034557E-5	5.151000E+1	5.112743E+1
-6.900000E-4	-1.093463E-5	5.151000E+1	5.112743E+1
-7.050000E-4	-1.151135E-5	5.151000E+1	5.112743E+1
-7.200000E-4	-1.215304E-5	5.151000E+1	5.112743E+1
-7.350000E-4	-1.279173E-5	5.151000E+1	5.112743E+1
-7.500000E-4	-1.352136E-5	5.151000E+1	5.112743E+1
-7.650000E-4	-1.420506E-5	5.151000E+1	5.112743E+1
-7.800000E-4	-1.492617E-5	5.151000E+1	5.112743E+1
-7.950000E-4	-1.566552E-5	5.151000E+1	5.112743E+1
-8.100000E-4	-1.645901E-5	5.151000E+1	5.112743E+1
-8.250000E-4	-1.727136E-5	5.151000E+1	5.112743E+1
-8.400000E-4	-1.814176E-5	5.151000E+1	5.112743E+1
-8.550000E-4	-1.898609E-5	5.151000E+1	5.112743E+1
-8.700000E-4	-1.985618E-5	5.151000E+1	5.112743E+1
-8.850000E-4	-2.077821E-5	5.151000E+1	5.112743E+1
-9.000000E-4	-2.167669E-5	5.151000E+1	5.112743E+1
-9.150000E-4	-2.265276E-5	5.151000E+1	5.112743E+1
-9.300000E-4	-2.365260E-5	5.151000E+1	5.112743E+1
-9.450000E-4	-2.463921E-5	5.151000E+1	5.112743E+1
-9.600000E-4	-2.567765E-5	5.151000E+1	5.112743E+1
-9.750000E-4	-2.677986E-5	5.151000E+1	5.112743E+1
-9.900000E-4	-2.786232E-5	5.151000E+1	5.112743E+1
-1.005000E-3	-2.897285E-5	5.151000E+1	5.112743E+1
-1.020000E-3	-3.010213E-5	5.151000E+1	5.112743E+1
-1.035000E-3	-3.128726E-5	5.151000E+1	5.112743E+1
-1.050000E-3	-3.249304E-5	5.151000E+1	5.112743E+1
-1.065000E-3	-3.367587E-5	5.151000E+1	5.112743E+1
-1.080000E-3	-3.495645E-5	5.151000E+1	5.112743E+1
-1.095000E-3	-3.626270E-5	5.151000E+1	5.112743E+1
-1.110000E-3	-3.756323E-5	5.151000E+1	5.112743E+1
-1.125000E-3	-3.891620E-5	5.151000E+1	5.112743E+1
-1.140000E-3	-4.032051E-5	5.151000E+1	5.112743E+1
-1.155000E-3	-4.171168E-5	5.151000E+1	5.112743E+1
-1.170000E-3	-4.315157E-5	5.151000E+1	5.112743E+1
-1.185000E-3	-4.456932E-5	5.151000E+1	5.112743E+1
-1.200000E-3	-4.601935E-5	5.151000E+1	5.112743E+1
-1.215000E-3	-4.754477E-5	5.151000E+1	5.112743E+1
-1.230000E-3	-4.911382E-5	5.151000E+1	5.112743E+1
-1.245000E-3	-5.066772E-5	5.151000E+1	5.112743E+1
-1.260000E-3	-5.228749E-5	5.151000E+1	5.112743E+1
-1.275000E-3	-5.393825E-5	5.151000E+1	5.112743E+1
-1.290000E-3	-5.561919E-5	5.151000E+1	5.112743E+1
-1.305000E-3	-5.726774E-5	5.151000E+1	5.112743E+1
-1.320000E-3	-5.898907E-5	5.151000E+1	5.112743E+1
-1.335000E-3	-6.074320E-5	5.151000E+1	5.112743E+1
-1.350000E-3	-6.255128E-5	5.151000E+1	5.112743E+1
-1.365000E-3	-6.437389E-5	5.151000E+1	5.112743E+1
-1.380000E-3	-6.618236E-5	5.151000E+1	5.112743E+1
-1.395000E-3	-6.808990E-5	5.151000E+1	5.112743E+1
-1.410000E-3	-6.996244E-5	5.151000E+1	5.112743E+1
-1.425000E-3	-7.191841E-5	5.151000E+1	5.112743E+1
-1.440000E-3	-7.389863E-5	5.151000E+1	5.112743E+1
-1.455000E-3	-7.590272E-5	5.151000E+1	5.112743E+1
-1.470000E-3	-7.790551E-5	5.151000E+1	5.112743E+1
-1.485000E-3	-7.999161E-5	5.151000E+1	5.112743E+1
-1.500000E-3	-8.210620E-5	5.151000E+1	5.112743E+1
-1.485000E-3	-8.002410E-5	5.151000E+1	5.112743E+1
-1.470000E-3	-7.787814E-5	5.151000E+1	5.112743E+1
-1.455000E-3	-7.584778E-5	5.151000E+1	5.112743E+1
-1.440000E-3	-7.386925E-5	5.151000E+1	5.112743E+1
-1.425000E-3	-7.191389E-5	5.151000E+1	5.112743E+1
-1.410000E-3	-6.996695E-5	5.151000E+1	5.112743E+1
-1.395000E-3	-6.802252E-5	5.151000E+1	5.112743E+1
-1.380000E-3	-6.618487E-5	5.151000E+1	5.112743E+1
-1.365000E-3	-6.431133E-5	5.151000E+1	5.112743E+1
-1.350000E-3	-6.251498E-5	5.151000E+1	5.112743E+1
-1.335000E-3	-6.071433E-5	5.151000E+1	5.112743E+1
-1.320000E-3	-5.900371E-5	5.151000E+1	5.112743E+1
-1.305000E-3	-5.726332E-5	5.151000E+1	5.112743E+1
-1.290000E-3	-5.558238E-5	5.151000E+1	5.112743E+1
-1.275000E-3	-5.390515E-5	5.151000E+1	5.112743E+1
-1.260000E-3	-5.225650E-5	5.151000E+1	5.112743E+1
-1.245000E-3	-5.067573E-5	5.151000E+1	5.112743E+1
-1.230000E-3	-4.908784E-5	5.151000E+1	5.112743E+1
-1.215000E-3	-4.753013E-5	5.151000E+1	5.112743E+1
-1.200000E-3	-4.602716E-5	5.151000E+1	5.112743E+1
-1.185000E-3	-4.452529E-5	5.151000E+1	5.112743E+1
-1.170000E-3	-4.308629E-5	5.151000E+1	5.112743E+1
-1.155000E-3	-4.164208E-5	5.151000E+1	5.112743E+1
-1.140000E-3	-4.023697E-5	5.151000E+1	5.112743E+1
-1.125000E-3	-3.887177E-5	5.151000E+1	5.112743E+1
-1.110000E-3	-3.751037E-5	5.151000E+1	5.112743E+1
-1.095000E-3	-3.622197E-5	5.151000E+1	5.112743E+1
-1.080000E-3	-3.491384E-5	5.151000E+1	5.112743E+1
-1.065000E-3	-3.367737E-5	5.151000E+1	5.112743E+1
-1.050000E-3	-3.243389E-5	5.151000E+1	5.112743E+1
-1.035000E-3	-3.125257E-5	5.151000E+1	5.112743E+1
-1.020000E-3	-3.006704E-5	5.151000E+1	5.112743E+1
-1.005000E-3	-2.891911E-5	5.151000E+1	5.112743E+1
-9.900000E-4	-2.778702E-5	5.151000E+1	5.112743E+1
-9.750000E-4	-2.670456E-5	5.151000E+1	5.112743E+1
-9.600000E-4	-2.565629E-5	5.151000E+1	5.112743E+1
-9.450000E-4	-2.461795E-5	5.151000E+1	5.112743E+1
-9.300000E-4	-2.363727E-5	5.151000E+1	5.112743E+1
-9.150000E-4	-2.266029E-5	5.151000E+1	5.112743E+1
-9.000000E-4	-2.169584E-5	5.151000E+1	5.112743E+1
-8.850000E-4	-2.076488E-5	5.151000E+1	5.112743E+1
-8.700000E-4	-1.983593E-5	5.151000E+1	5.112743E+1
-8.550000E-4	-1.896784E-5	5.151000E+1	5.112743E+1
-8.400000E-4	-1.810496E-5	5.151000E+1	5.112743E+1
-8.250000E-4	-1.727637E-5	5.151000E+1	5.112743E+1
-8.100000E-4	-1.645590E-5	5.151000E+1	5.112743E+1
-7.950000E-4	-1.566171E-5	5.151000E+1	5.112743E+1
-7.800000E-4	-1.493067E-5	5.151000E+1	5.112743E+1
-7.650000E-4	-1.420074E-5	5.151000E+1	5.112743E+1
-7.500000E-4	-1.352596E-5	5.151000E+1	5.112743E+1
-7.350000E-4	-1.286682E-5	5.151000E+1	5.112743E+1
-7.200000E-4	-1.219625E-5	5.151000E+1	5.112743E+1
-7.050000E-4	-1.159496E-5	5.151000E+1	5.112743E+1
-6.900000E-4	-1.096460E-5	5.151000E+1	5.112743E+1
-6.750000E-4	-1.044062E-5	5.151000E+1	5.112743E+1
-6.600000E-4	-9.877329E-6	5.151000E+1	5.112743E+1
-6.450000E-4	-9.326876E-6	5.151000E+1	5.112743E+1
-6.300000E-4	-8.827658E-6	5.151000E+1	5.112743E+1
-6.150000E-4	-8.339369E-6	5.151000E+1	5.112743E+1
-6.000000E-4	-7.888177E-6	5.151000E+1	5.112743E+1
-5.850000E-4	-7.450522E-6	5.151000E+1	5.112743E+1
-5.700000E-4	-7.002439E-6	5.151000E+1	5.112743E+1
-5.550000E-4	-6.586039E-6	5.151000E+1	5.112743E+1
-5.400000E-4	-6.238121E-6	5.151000E+1	5.112743E+1
-5.250000E-4	-5.855711E-6	5.151000E+1	5.112743E+1
-5.100000E-4	-5.527444E-6	5.151000E+1	5.112743E+1
-4.950000E-4	-5.245099E-6	5.151000E+1	5.112743E+1
-4.800000E-4	-4.949718E-6	5.151000E+1	5.112743E+1
-4.650000E-4	-4.671383E-6	5.151000E+1	5.112743E+1
-4.500000E-4	-4.411898E-6	5.151000E+1	5.112743E+1
-4.350000E-4	-4.190815E-6	5.151000E+1	5.112743E+1
-4.200000E-4	-4.008333E-6	5.151000E+1	5.112743E+1
-4.050000E-4	-3.775719E-6	5.151000E+1	5.112743E+1
-3.900000E-4	-3.635248E-6	5.151000E+1	5.112743E+1
-3.750000E-4	-3.476027E-6	5.151000E+1	5.112743E+1
-3.600000E-4	-3.362427E-6	5.151000E+1	5.112743E+1
-3.450000E-4	-3.242711E-6	5.151000E+1	5.112743E+1
-3.300000E-4	-3.154277E-6	5.151000E+1	5.112743E+1
-3.150000E-4	-3.060831E-6	5.151000E+1	5.112743E+1
-3.000000E-4	-3.024936E-6	5.151000E+1	5.112743E+1
-2.850000E-4	-2.924571E-6	5.151000E+1	5.112743E+1
-2.700000E-4	-2.887674E-6	5.151000E+1	5.112743E+1
-2.550000E-4	-2.854085E-6	5.151000E+1	5.112743E+1
-2.400000E-4	-2.809166E-6	5.151000E+1	5.112743E+1
-2.250000E-4	-2.796633E-6	5.151000E+1	5.112743E+1
-2.100000E-4	-2.777583E-6	5.151000E+1	5.112743E+1
-1.950000E-4	-2.792823E-6	5.151000E+1	5.112743E+1
-1.800000E-4	-2.760137E-6	5.151000E+1	5.112743E+1
-1.650000E-4	-2.748406E-6	5.151000E+1	5.112743E+1
-1.500000E-4	-2.741187E-6	5.151000E+1	5.112743E+1
-1.350000E-4	-2.741488E-6	5.151000E+1	5.112743E+1
-1.200000E-4	-2.740084E-6	5.151000E+1	5.112743E+1
-1.050000E-4	-2.732564E-6	5.151000E+1	5.112743E+1
-9.000000E-5	-2.709303E-6	5.151000E+1	5.112743E+1
-7.500000E-5	-2.736073E-6	5.151000E+1	5.112743E+1
-6.000000E-5	-2.702385E-6	5.151000E+1	5.112743E+1
-4.500000E-5	-2.735973E-6	5.151000E+1	5.112743E+1
-3.000000E-5	-2.730158E-6	5.151000E+1	5.112743E+1
-1.500000E-5	-2.787008E-6	5.151000E+1	5.112743E+1
-0.000000E+0	-2.765651E-6	5.151000E+1	5.111388E+1
0.000000E+0	-2.491022E-6	4.801000E+1	4.774984E+1
