I	V	T_diode	T_cernox
3.000000E-5	-3.035674E-6	5.349000E+1	5.296935E+1
6.000000E-5	-2.942026E-6	5.349000E+1	5.296935E+1
9.000000E-5	-2.731670E-6	5.349000E+1	5.296935E+1
1.200000E-4	-2.363396E-6	5.349000E+1	5.296935E+1
1.500000E-4	-1.833295E-6	5.349000E+1	5.296935E+1
1.800000E-4	-1.175557E-6	5.349000E+1	5.296935E+1
2.100000E-4	-2.249448E-7	5.349000E+1	5.296935E+1
2.400000E-4	9.720209E-7	5.349000E+1	5.296935E+1
2.700000E-4	2.379645E-6	5.349000E+1	5.296935E+1
3.000000E-4	4.087363E-6	5.349000E+1	5.296935E+1
2.700000E-4	2.391476E-6	5.349000E+1	5.296935E+1
2.400000E-4	9.542739E-7	5.349000E+1	5.296935E+1
2.100000E-4	-2.133140E-7	5.349000E+1	5.296935E+1
1.800000E-4	-1.164027E-6	5.349000E+1	5.296935E+1
1.500000E-4	-1.823369E-6	5.349000E+1	5.296935E+1
1.200000E-4	-2.341939E-6	5.349000E+1	5.296935E+1
9.000000E-5	-2.622882E-6	5.349000E+1	5.296935E+1
6.000000E-5	-2.813987E-6	5.349000E+1	5.296935E+1
3.000000E-5	-2.910642E-6	5.349000E+1	5.296935E+1
0.000000E+0	-2.989049E-6	5.349000E+1	5.297703E+1
-3.000000E-5	-3.037878E-6	5.349000E+1	5.297703E+1
-6.000000E-5	-3.056628E-6	5.349000E+1	5.297703E+1
-9.000000E-5	-3.198402E-6	5.349000E+1	5.297703E+1
-1.200000E-4	-3.689300E-6	5.349000E+1	5.297703E+1
-1.500000E-4	-4.157938E-6	5.349000E+1	5.297703E+1
-1.800000E-4	-4.817581E-6	5.349000E+1	5.297703E+1
-2.100000E-4	-5.691892E-6	5.349000E+1	5.297703E+1
-2.400000E-4	-6.817968E-6	5.349000E+1	5.297703E+1
-2.700000E-4	-8.224986E-6	5.349000E+1	5.297703E+1
-3.000000E-4	-9.915454E-6	5.349000E+1	5.297703E+1
-2.700000E-4	-8.226891E-6	5.349000E+1	5.297703E+1
-2.400000E-4	-6.826891E-6	5.349000E+1	5.297703E+1
-2.100000E-4	-5.674346E-6	5.349000E+1	5.297703E+1
-1.800000E-4	-4.760932E-6	5.349000E+1	5.297703E+1
-1.500000E-4	-4.124951E-6	5.349000E+1	5.297703E+1
-1.200000E-4	-3.668545E-6	5.349000E+1	5.297703E+1
-9.000000E-5	-3.159199E-6	5.349000E+1	5.297703E+1
-6.000000E-5	-3.052518E-6	5.349000E+1	5.297703E+1
-3.000000E-5	-3.029256E-6	5.349000E+1	5.297703E+1
-0.000000E+0	-2.992860E-6	5.349000E+1	5.296826E+1
0.000000E+0	-2.923975E-6	5.349000E+1	5.298527E+1
