I	V	T_diode	T_cernox
1.000000E-5	-2.872039E-6	5.349000E+1	5.299297E+1
2.000000E-5	-2.858804E-6	5.349000E+1	5.299297E+1
3.000000E-5	-2.798044E-6	5.349000E+1	5.299297E+1
4.000000E-5	-2.773779E-6	5.349000E+1	5.299297E+1
5.000000E-5	-2.728760E-6	5.349000E+1	5.299297E+1
6.000000E-5	-2.712919E-6	5.349000E+1	5.299297E+1
7.000000E-5	-2.652860E-6	5.349000E+1	5.299297E+1
8.000000E-5	-2.571846E-6	5.349000E+1	5.299297E+1
9.000000E-5	-2.462256E-6	5.349000E+1	5.299297E+1
1.000000E-4	-2.267141E-6	5.349000E+1	5.299297E+1
1.100000E-4	-2.273257E-6	5.349000E+1	5.299297E+1
1.200000E-4	-2.124363E-6	5.349000E+1	5.299297E+1
1.300000E-4	-1.950805E-6	5.349000E+1	5.299297E+1
1.400000E-4	-1.841817E-6	5.349000E+1	5.299297E+1
1.500000E-4	-1.632965E-6	5.349000E+1	5.299297E+1
1.600000E-4	-1.420403E-6	5.349000E+1	5.299297E+1
1.700000E-4	-1.197815E-6	5.349000E+1	5.299297E+1
1.800000E-4	-9.071471E-7	5.349000E+1	5.299297E+1
1.900000E-4	-6.231968E-7	5.349000E+1	5.299297E+1
2.000000E-4	-3.089666E-7	5.349000E+1	5.299297E+1
2.100000E-4	-1.368635E-8	5.349000E+1	5.299297E+1
2.200000E-4	3.757432E-7	5.349000E+1	5.299297E+1
2.300000E-4	7.674796E-7	5.349000E+1	5.299297E+1
2.400000E-4	1.171849E-6	5.349000E+1	5.299297E+1
2.500000E-4	1.601586E-6	5.349000E+1	5.299297E+1
2.600000E-4	2.134195E-6	5.349000E+1	5.299297E+1
2.700000E-4	2.633215E-6	5.349000E+1	5.299297E+1
2.800000E-4	3.146974E-6	5.349000E+1	5.299297E+1
2.900000E-4	3.698133E-6	5.349000E+1	5.299297E+1
3.000000E-4	4.283481E-6	5.349000E+1	5.299297E+1
3.100000E-4	4.895901E-6	5.349000E+1	5.299297E+1
3.200000E-4	5.545419E-6	5.349000E+1	5.299297E+1
3.300000E-4	6.253797E-6	5.349000E+1	5.299297E+1
3.400000E-4	6.936303E-6	5.349000E+1	5.299297E+1
3.500000E-4	7.644176E-6	5.349000E+1	5.299297E+1
3.600000E-4	8.440182E-6	5.349000E+1	5.299297E+1
3.700000E-4	9.257946E-6	5.349000E+1	5.299297E+1
3.800000E-4	1.005064E-5	5.349000E+1	5.299297E+1
3.900000E-4	1.091333E-5	5.349000E+1	5.299297E+1
4.000000E-4	1.178794E-5	5.349000E+1	5.299297E+1
4.100000E-4	1.273545E-5	5.349000E+1	5.299297E+1
4.200000E-4	1.365047E-5	5.349000E+1	5.299297E+1
4.300000E-4	1.465863E-5	5.349000E+1	5.299297E+1
4.400000E-4	1.563281E-5	5.349000E+1	5.299297E+1
4.500000E-4	1.662845E-5	5.349000E+1	5.299297E+1
4.600000E-4	1.771552E-5	5.349000E+1	5.299297E+1
4.700000E-4	1.876781E-5	5.349000E+1	5.299297E+1
4.800000E-4	1.988857E-5	5.349000E+1	5.299297E+1
4.900000E-4	2.104954E-5	5.349000E+1	5.299297E+1
5.000000E-4	2.222325E-5	5.349000E+1	5.299297E+1
5.100000E-4	2.347647E-5	5.349000E+1	5.299297E+1
5.200000E-4	2.466411E-5	5.349000E+1	5.299297E+1
5.300000E-4	2.591543E-5	5.349000E+1	5.299297E+1
5.400000E-4	2.720765E-5	5.349000E+1	5.299297E+1
5.500000E-4	2.853496E-5	5.349000E+1	5.299297E+1
5.600000E-4	2.988463E-5	5.349000E+1	5.299297E+1
5.700000E-4	3.128303E-5	5.349000E+1	5.299297E+1
5.800000E-4	3.269317E-5	5.349000E+1	5.299297E+1
5.900000E-4	3.415112E-5	5.349000E+1	5.299297E+1
6.000000E-4	3.560467E-5	5.349000E+1	5.299297E+1
6.100000E-4	3.710253E-5	5.349000E+1	5.299297E+1
6.200000E-4	3.862025E-5	5.349000E+1	5.299297E+1
6.300000E-4	4.020454E-5	5.349000E+1	5.299297E+1
6.400000E-4	4.176787E-5	5.349000E+1	5.299297E+1
6.500000E-4	4.343047E-5	5.349000E+1	5.299297E+1
6.600000E-4	4.504976E-5	5.349000E+1	5.299297E+1
6.700000E-4	4.673502E-5	5.349000E+1	5.299297E+1
6.800000E-4	4.849818E-5	5.349000E+1	5.299297E+1
6.900000E-4	5.024300E-5	5.349000E+1	5.299297E+1
7.000000E-4	5.200947E-5	5.349000E+1	5.299297E+1
7.100000E-4	5.382628E-5	5.349000E+1	5.299297E+1
7.200000E-4	5.565281E-5	5.349000E+1	5.299297E+1
7.300000E-4	5.755825E-5	5.349000E+1	5.299297E+1
7.400000E-4	5.945145E-5	5.349000E+1	5.299297E+1
7.500000E-4	6.135409E-5	5.349000E+1	5.299297E+1
7.600000E-4	6.334656E-5	5.349000E+1	5.299297E+1
7.700000E-4	6.535538E-5	5.349000E+1	5.299297E+1
7.800000E-4	6.736299E-5	5.349000E+1	5.299297E+1
7.900000E-4	6.936940E-5	5.349000E+1	5.299297E+1
8.000000E-4	7.143597E-5	5.349000E+1	5.299297E+1
8.100000E-4	7.353071E-5	5.349000E+1	5.299297E+1
8.200000E-4	7.571128E-5	5.349000E+1	5.299297E+1
8.300000E-4	7.787129E-5	5.349000E+1	5.299297E+1
8.400000E-4	8.008144E-5	5.349000E+1	5.299297E+1
8.500000E-4	8.229600E-5	5.349000E+1	5.299297E+1
8.600000E-4	8.453663E-5	5.349000E+1	5.299297E+1
8.700000E-4	8.684875E-5	5.349000E+1	5.299297E+1
8.800000E-4	8.914663E-5	5.349000E+1	5.299297E+1
8.900000E-4	9.149504E-5	5.349000E+1	5.299297E+1
9.000000E-4	9.387634E-5	5.349000E+1	5.299297E+1
9.100000E-4	9.627960E-5	5.349000E+1	5.299297E+1
9.200000E-4	9.868507E-5	5.349000E+1	5.299297E+1
9.300000E-4	1.011286E-4	5.349000E+1	5.299297E+1
9.400000E-4	1.036355E-4	5.349000E+1	5.299297E+1
9.500000E-4	1.061333E-4	5.349000E+1	5.299297E+1
9.600000E-4	1.087117E-4	5.349000E+1	5.299297E+1
9.700000E-4	1.112936E-4	5.349000E+1	5.299297E+1
9.800000E-4	1.139405E-4	5.349000E+1	5.299297E+1
9.900000E-4	1.165760E-4	5.349000E+1	5.299297E+1
1.000000E-3	1.192793E-4	5.349000E+1	5.299297E+1
9.900000E-4	1.165965E-4	5.349000E+1	5.299297E+1
9.800000E-4	1.139380E-4	5.349000E+1	5.299297E+1
9.700000E-4	1.113356E-4	5.349000E+1	5.299297E+1
9.600000E-4	1.087468E-4	5.349000E+1	5.299297E+1
9.500000E-4	1.061863E-4	5.349000E+1	5.299297E+1
9.400000E-4	1.036430E-4	5.349000E+1	5.299297E+1
9.300000E-4	1.010826E-4	5.349000E+1	5.299297E+1
9.200000E-4	9.859103E-5	5.349000E+1	5.299297E+1
9.100000E-4	9.614897E-5	5.349000E+1	5.299297E+1
9.000000E-4	9.373728E-5	5.349000E+1	5.299297E+1
8.900000E-4	9.132119E-5	5.349000E+1	5.299297E+1
8.800000E-4	8.900777E-5	5.349000E+1	5.299297E+1
8.700000E-4	8.669254E-5	5.349000E+1	5.299297E+1
8.600000E-4	8.440328E-5	5.349000E+1	5.299297E+1
8.500000E-4	8.214009E-5	5.349000E+1	5.299297E+1
8.400000E-4	7.993446E-5	5.349000E+1	5.299297E+1
8.300000E-4	7.771458E-5	5.349000E+1	5.299297E+1
8.200000E-4	7.556158E-5	5.349000E+1	5.299297E+1
8.100000E-4	7.342643E-5	5.349000E+1	5.299297E+1
8.000000E-4	7.129630E-5	5.349000E+1	5.299297E+1
7.900000E-4	6.926252E-5	5.349000E+1	5.299297E+1
7.800000E-4	6.717309E-5	5.349000E+1	5.299297E+1
7.700000E-4	6.517710E-5	5.349000E+1	5.299297E+1
7.600000E-4	6.320599E-5	5.349000E+1	5.299297E+1
7.500000E-4	6.123758E-5	5.349000E+1	5.299297E+1
7.400000E-4	5.932793E-5	5.349000E+1	5.299297E+1
7.300000E-4	5.742469E-5	5.349000E+1	5.299297E+1
7.200000E-4	5.554562E-5	5.349000E+1	5.299297E+1
7.100000E-4	5.372631E-5	5.349000E+1	5.299297E+1
7.000000E-4	5.190448E-5	5.349000E+1	5.299297E+1
6.900000E-4	5.011014E-5	5.349000E+1	5.299297E+1
6.800000E-4	4.834657E-5	5.349000E+1	5.299297E+1
6.700000E-4	4.664857E-5	5.349000E+1	5.299297E+1
6.600000E-4	4.497284E-5	5.349000E+1	5.299297E+1
6.500000E-4	4.335205E-5	5.349000E+1	5.299297E+1
6.400000E-4	4.172444E-5	5.349000E+1	5.299297E+1
6.300000E-4	4.012130E-5	5.349000E+1	5.299297E+1
6.200000E-4	3.858795E-5	5.349000E+1	5.299297E+1
6.100000E-4	3.704907E-5	5.349000E+1	5.299297E+1
6.000000E-4	3.554570E-5	5.349000E+1	5.299297E+1
5.900000E-4	3.409255E-5	5.349000E+1	5.299297E+1
5.800000E-4	3.267931E-5	5.349000E+1	5.299297E+1
5.700000E-4	3.128622E-5	5.349000E+1	5.299297E+1
5.600000E-4	2.987850E-5	5.349000E+1	5.299297E+1
5.500000E-4	2.853424E-5	5.349000E+1	5.299297E+1
5.400000E-4	2.721184E-5	5.349000E+1	5.299297E+1
5.300000E-4	2.591822E-5	5.349000E+1	5.299297E+1
5.200000E-4	2.463172E-5	5.349000E+1	5.299297E+1
5.100000E-4	2.341500E-5	5.349000E+1	5.299297E+1
5.000000E-4	2.222415E-5	5.349000E+1	5.299297E+1
4.900000E-4	2.107481E-5	5.349000E+1	5.299297E+1
4.800000E-4	1.986470E-5	5.349000E+1	5.299297E+1
4.700000E-4	1.875377E-5	5.349000E+1	5.299297E+1
4.600000E-4	1.770068E-5	5.349000E+1	5.299297E+1
4.500000E-4	1.663516E-5	5.349000E+1	5.299297E+1
4.400000E-4	1.559381E-5	5.349000E+1	5.299297E+1
4.300000E-4	1.457461E-5	5.349000E+1	5.299297E+1
4.200000E-4	1.364184E-5	5.349000E+1	5.299297E+1
4.100000E-4	1.271669E-5	5.349000E+1	5.299297E+1
4.000000E-4	1.177761E-5	5.349000E+1	5.299297E+1
3.900000E-4	1.091412E-5	5.349000E+1	5.299297E+1
3.800000E-4	1.006558E-5	5.349000E+1	5.299297E+1
3.700000E-4	9.256039E-6	5.349000E+1	5.299297E+1
3.600000E-4	8.452312E-6	5.349000E+1	5.299297E+1
3.500000E-4	7.679768E-6	5.349000E+1	5.299297E+1
3.400000E-4	6.936101E-6	5.349000E+1	5.299297E+1
3.300000E-4	6.276957E-6	5.349000E+1	5.299297E+1
3.200000E-4	5.630847E-6	5.349000E+1	5.299297E+1
3.100000E-4	4.909439E-6	5.349000E+1	5.299297E+1
3.000000E-4	4.309451E-6	5.349000E+1	5.299297E+1
2.900000E-4	3.738039E-6	5.349000E+1	5.299297E+1
2.800000E-4	3.194200E-6	5.349000E+1	5.299297E+1
2.700000E-4	2.666404E-6	5.349000E+1	5.299297E+1
2.600000E-4	2.149838E-6	5.349000E+1	5.299297E+1
2.500000E-4	1.655329E-6	5.349000E+1	5.299297E+1
2.400000E-4	1.221682E-6	5.349000E+1	5.299297E+1
2.300000E-4	7.921452E-7	5.349000E+1	5.299297E+1
2.200000E-4	4.053216E-7	5.349000E+1	5.299297E+1
2.100000E-4	8.026180E-8	5.349000E+1	5.299297E+1
2.000000E-4	-2.874100E-7	5.349000E+1	5.299297E+1
1.900000E-4	-6.182846E-7	5.349000E+1	5.299297E+1
1.800000E-4	-8.554113E-7	5.349000E+1	5.299297E+1
1.700000E-4	-1.148686E-6	5.349000E+1	5.299297E+1
1.600000E-4	-1.373280E-6	5.349000E+1	5.299297E+1
1.500000E-4	-1.567493E-6	5.349000E+1	5.299297E+1
1.400000E-4	-1.743859E-6	5.349000E+1	5.299297E+1
1.300000E-4	-1.883127E-6	5.349000E+1	5.299297E+1
1.200000E-4	-2.058691E-6	5.349000E+1	5.299297E+1
1.100000E-4	-2.167379E-6	5.349000E+1	5.299297E+1
1.000000E-4	-2.238366E-6	5.349000E+1	5.299297E+1
9.000000E-5	-2.360890E-6	5.349000E+1	5.299297E+1
8.000000E-5	-2.488828E-6	5.349000E+1	5.299297E+1
7.000000E-5	-2.517905E-6	5.349000E+1	5.299297E+1
6.000000E-5	-2.631003E-6	5.349000E+1	5.299297E+1
5.000000E-5	-2.676624E-6	5.349000E+1	5.299297E+1
4.000000E-5	-2.681738E-6	5.349000E+1	5.299297E+1
3.000000E-5	-2.740994E-6	5.349000E+1	5.299297E+1
2.000000E-5	-2.745506E-6	5.349000E+1	5.299297E+1
1.000000E-5	-2.824114E-6	5.349000E+1	5.299297E+1
0.000000E+0	-2.817295E-6	5.349000E+1	5.300095E+1
-1.000000E-5	-2.723848E-6	5.349000E+1	5.300095E+1
-2.000000E-5	-2.797944E-6	5.349000E+1	5.300095E+1
-3.000000E-5	-2.838652E-6	5.349000E+1	5.300095E+1
-4.000000E-5	-2.861813E-6	5.349000E+1	5.300095E+1
-5.000000E-5	-2.864520E-6	5.349000E+1	5.300095E+1
-6.000000E-5	-2.881766E-6	5.349000E+1	5.300095E+1
-7.000000E-5	-2.892695E-6	5.349000E+1	5.300095E+1
-8.000000E-5	-2.912848E-6	5.349000E+1	5.300095E+1
-9.000000E-5	-2.966389E-6	5.349000E+1	5.300095E+1
-1.000000E-4	-3.008601E-6	5.349000E+1	5.300095E+1
-1.100000E-4	-3.368151E-6	5.349000E+1	5.300095E+1
-1.200000E-4	-3.469318E-6	5.349000E+1	5.300095E+1
-1.300000E-4	-3.560459E-6	5.349000E+1	5.300095E+1
-1.400000E-4	-3.719981E-6	5.349000E+1	5.300095E+1
-1.500000E-4	-3.903365E-6	5.349000E+1	5.300095E+1
-1.600000E-4	-4.103695E-6	5.349000E+1	5.300095E+1
-1.700000E-4	-4.284071E-6	5.349000E+1	5.300095E+1
-1.800000E-4	-4.538845E-6	5.349000E+1	5.300095E+1
-1.900000E-4	-4.787903E-6	5.349000E+1	5.300095E+1
-2.000000E-4	-5.122688E-6	5.349000E+1	5.300095E+1
-2.100000E-4	-5.468502E-6	5.349000E+1	5.300095E+1
-2.200000E-4	-5.758368E-6	5.349000E+1	5.300095E+1
-2.300000E-4	-6.166647E-6	5.349000E+1	5.300095E+1
-2.400000E-4	-6.567707E-6	5.349000E+1	5.300095E+1
-2.500000E-4	-6.970571E-6	5.349000E+1	5.300095E+1
-2.600000E-4	-7.451743E-6	5.349000E+1	5.300095E+1
-2.700000E-4	-7.922888E-6	5.349000E+1	5.300095E+1
-2.800000E-4	-8.458003E-6	5.349000E+1	5.300095E+1
-2.900000E-4	-9.020289E-6	5.349000E+1	5.300095E+1
-3.000000E-4	-9.578163E-6	5.349000E+1	5.300095E+1
-3.100000E-4	-1.024442E-5	5.349000E+1	5.300095E+1
-3.200000E-4	-1.087559E-5	5.349000E+1	5.300095E+1
-3.300000E-4	-1.155840E-5	5.349000E+1	5.300095E+1
-3.400000E-4	-1.221924E-5	5.349000E+1	5.300095E+1
-3.500000E-4	-1.297815E-5	5.349000E+1	5.300095E+1
-3.600000E-4	-1.370818E-5	5.349000E+1	5.300095E+1
-3.700000E-4	-1.444833E-5	5.349000E+1	5.300095E+1
-3.800000E-4	-1.526860E-5	5.349000E+1	5.300095E+1
-3.900000E-4	-1.610541E-5	5.349000E+1	5.300095E+1
-4.000000E-4	-1.695366E-5	5.349000E+1	5.300095E+1
-4.100000E-4	-1.787980E-5	5.349000E+1	5.300095E+1
-4.200000E-4	-1.884255E-5	5.349000E+1	5.300095E+1
-4.300000E-4	-1.977170E-5	5.349000E+1	5.300095E+1
-4.400000E-4	-2.081827E-5	5.349000E+1	5.300095E+1
-4.500000E-4	-2.174572E-5	5.349000E+1	5.300095E+1
-4.600000E-4	-2.280241E-5	5.349000E+1	5.300095E+1
-4.700000E-4	-2.385891E-5	5.349000E+1	5.300095E+1
-4.800000E-4	-2.495410E-5	5.349000E+1	5.300095E+1
-4.900000E-4	-2.613081E-5	5.349000E+1	5.300095E+1
-5.000000E-4	-2.727553E-5	5.349000E+1	5.300095E+1
-5.100000E-4	-2.848062E-5	5.349000E+1	5.300095E+1
-5.200000E-4	-2.971368E-5	5.349000E+1	5.300095E+1
-5.300000E-4	-3.094794E-5	5.349000E+1	5.300095E+1
-5.400000E-4	-3.222381E-5	5.349000E+1	5.300095E+1
-5.500000E-4	-3.355653E-5	5.349000E+1	5.300095E+1
-5.600000E-4	-3.492034E-5	5.349000E+1	5.300095E+1
-5.700000E-4	-3.630409E-5	5.349000E+1	5.300095E+1
-5.800000E-4	-3.768785E-5	5.349000E+1	5.300095E+1
-5.900000E-4	-3.915703E-5	5.349000E+1	5.300095E+1
-6.000000E-4	-4.060526E-5	5.349000E+1	5.300095E+1
-6.100000E-4	-4.208888E-5	5.349000E+1	5.300095E+1
-6.200000E-4	-4.362273E-5	5.349000E+1	5.300095E+1
-6.300000E-4	-4.519830E-5	5.349000E+1	5.300095E+1
-6.400000E-4	-4.677105E-5	5.349000E+1	5.300095E+1
-6.500000E-4	-4.839855E-5	5.349000E+1	5.300095E+1
-6.600000E-4	-5.005232E-5	5.349000E+1	5.300095E+1
-6.700000E-4	-5.171101E-5	5.349000E+1	5.300095E+1
-6.800000E-4	-5.344258E-5	5.349000E+1	5.300095E+1
-6.900000E-4	-5.515841E-5	5.349000E+1	5.300095E+1
-7.000000E-4	-5.697140E-5	5.349000E+1	5.300095E+1
-7.100000E-4	-5.875722E-5	5.349000E+1	5.300095E+1
-7.200000E-4	-6.056851E-5	5.349000E+1	5.300095E+1
-7.300000E-4	-6.246281E-5	5.349000E+1	5.300095E+1
-7.400000E-4	-6.437025E-5	5.349000E+1	5.300095E+1
-7.500000E-4	-6.631269E-5	5.349000E+1	5.300095E+1
-7.600000E-4	-6.824389E-5	5.349000E+1	5.300095E+1
-7.700000E-4	-7.021299E-5	5.349000E+1	5.300095E+1
-7.800000E-4	-7.222751E-5	5.349000E+1	5.300095E+1
-7.900000E-4	-7.424083E-5	5.349000E+1	5.300095E+1
-8.000000E-4	-7.630077E-5	5.349000E+1	5.300095E+1
-8.100000E-4	-7.842348E-5	5.349000E+1	5.300095E+1
-8.200000E-4	-8.054359E-5	5.349000E+1	5.300095E+1
-8.300000E-4	-8.273407E-5	5.349000E+1	5.300095E+1
-8.400000E-4	-8.490521E-5	5.349000E+1	5.300095E+1
-8.500000E-4	-8.711816E-5	5.349000E+1	5.300095E+1
-8.600000E-4	-8.930424E-5	5.349000E+1	5.300095E+1
-8.700000E-4	-9.161725E-5	5.349000E+1	5.300095E+1
-8.800000E-4	-9.392285E-5	5.349000E+1	5.300095E+1
-8.900000E-4	-9.628349E-5	5.349000E+1	5.300095E+1
-9.000000E-4	-9.866468E-5	5.349000E+1	5.300095E+1
-9.100000E-4	-1.010681E-4	5.349000E+1	5.300095E+1
-9.200000E-4	-1.034917E-4	5.349000E+1	5.300095E+1
-9.300000E-4	-1.059525E-4	5.349000E+1	5.300095E+1
-9.400000E-4	-1.084345E-4	5.349000E+1	5.300095E+1
-9.500000E-4	-1.109554E-4	5.349000E+1	5.300095E+1
-9.600000E-4	-1.134570E-4	5.349000E+1	5.300095E+1
-9.700000E-4	-1.160065E-4	5.349000E+1	5.300095E+1
-9.800000E-4	-1.186595E-4	5.349000E+1	5.300095E+1
-9.900000E-4	-1.212550E-4	5.349000E+1	5.300095E+1
-1.000000E-3	-1.239119E-4	5.349000E+1	5.300095E+1
-9.900000E-4	-1.212076E-4	5.349000E+1	5.300095E+1
-9.800000E-4	-1.185295E-4	5.349000E+1	5.300095E+1
-9.700000E-4	-1.159448E-4	5.349000E+1	5.300095E+1
-9.600000E-4	-1.133208E-4	5.349000E+1	5.300095E+1
-9.500000E-4	-1.107695E-4	5.349000E+1	5.300095E+1
-9.400000E-4	-1.082394E-4	5.349000E+1	5.300095E+1
-9.300000E-4	-1.056894E-4	5.349000E+1	5.300095E+1
-9.200000E-4	-1.032189E-4	5.349000E+1	5.300095E+1
-9.100000E-4	-1.007942E-4	5.349000E+1	5.300095E+1
-9.000000E-4	-9.845431E-5	5.349000E+1	5.300095E+1
-8.900000E-4	-9.603181E-5	5.349000E+1	5.300095E+1
-8.800000E-4	-9.372842E-5	5.349000E+1	5.300095E+1
-8.700000E-4	-9.142764E-5	5.349000E+1	5.300095E+1
-8.600000E-4	-8.914802E-5	5.349000E+1	5.300095E+1
-8.500000E-4	-8.691953E-5	5.349000E+1	5.300095E+1
-8.400000E-4	-8.469205E-5	5.349000E+1	5.300095E+1
-8.300000E-4	-8.248562E-5	5.349000E+1	5.300095E+1
-8.200000E-4	-8.032462E-5	5.349000E+1	5.300095E+1
-8.100000E-4	-7.817283E-5	5.349000E+1	5.300095E+1
-8.000000E-4	-7.607529E-5	5.349000E+1	5.300095E+1
-7.900000E-4	-7.400642E-5	5.349000E+1	5.300095E+1
-7.800000E-4	-7.197395E-5	5.349000E+1	5.300095E+1
-7.700000E-4	-6.997898E-5	5.349000E+1	5.300095E+1
-7.600000E-4	-6.798781E-5	5.349000E+1	5.300095E+1
-7.500000E-4	-6.605090E-5	5.349000E+1	5.300095E+1
-7.400000E-4	-6.412581E-5	5.349000E+1	5.300095E+1
-7.300000E-4	-6.223732E-5	5.349000E+1	5.300095E+1
-7.200000E-4	-6.040658E-5	5.349000E+1	5.300095E+1
-7.100000E-4	-5.853273E-5	5.349000E+1	5.300095E+1
-7.000000E-4	-5.673618E-5	5.349000E+1	5.300095E+1
-6.900000E-4	-5.500179E-5	5.349000E+1	5.300095E+1
-6.800000E-4	-5.325428E-5	5.349000E+1	5.300095E+1
-6.700000E-4	-5.154165E-5	5.349000E+1	5.300095E+1
-6.600000E-4	-4.982832E-5	5.349000E+1	5.300095E+1
-6.500000E-4	-4.821235E-5	5.349000E+1	5.300095E+1
-6.400000E-4	-4.660230E-5	5.349000E+1	5.300095E+1
-6.300000E-4	-4.501591E-5	5.349000E+1	5.300095E+1
-6.200000E-4	-4.352214E-5	5.349000E+1	5.300095E+1
-6.100000E-4	-4.199070E-5	5.349000E+1	5.300095E+1
-6.000000E-4	-4.044772E-5	5.349000E+1	5.300095E+1
-5.900000E-4	-3.898907E-5	5.349000E+1	5.300095E+1
-5.800000E-4	-3.761825E-5	5.349000E+1	5.300095E+1
-5.700000E-4	-3.614335E-5	5.349000E+1	5.300095E+1
-5.600000E-4	-3.478937E-5	5.349000E+1	5.300095E+1
-5.500000E-4	-3.345364E-5	5.349000E+1	5.300095E+1
-5.400000E-4	-3.211440E-5	5.349000E+1	5.300095E+1
-5.300000E-4	-3.082550E-5	5.349000E+1	5.300095E+1
-5.200000E-4	-2.960939E-5	5.349000E+1	5.300095E+1
-5.100000E-4	-2.835517E-5	5.349000E+1	5.300095E+1
-5.000000E-4	-2.717696E-5	5.349000E+1	5.300095E+1
-4.900000E-4	-2.601108E-5	5.349000E+1	5.300095E+1
-4.800000E-4	-2.490335E-5	5.349000E+1	5.300095E+1
-4.700000E-4	-2.383122E-5	5.349000E+1	5.300095E+1
-4.600000E-4	-2.275407E-5	5.349000E+1	5.300095E+1
-4.500000E-4	-2.171232E-5	5.349000E+1	5.300095E+1
-4.400000E-4	-2.069764E-5	5.349000E+1	5.300095E+1
-4.300000E-4	-1.975345E-5	5.349000E+1	5.300095E+1
-4.200000E-4	-1.877767E-5	5.349000E+1	5.300095E+1
-4.100000E-4	-1.788601E-5	5.349000E+1	5.300095E+1
-4.000000E-4	-1.692889E-5	5.349000E+1	5.300095E+1
-3.900000E-4	-1.606671E-5	5.349000E+1	5.300095E+1
-3.800000E-4	-1.523671E-5	5.349000E+1	5.300095E+1
-3.700000E-4	-1.444181E-5	5.349000E+1	5.300095E+1
-3.600000E-4	-1.368571E-5	5.349000E+1	5.300095E+1
-3.500000E-4	-1.292641E-5	5.349000E+1	5.300095E+1
-3.400000E-4	-1.222425E-5	5.349000E+1	5.300095E+1
-3.300000E-4	-1.154265E-5	5.349000E+1	5.300095E+1
-3.200000E-4	-1.087719E-5	5.349000E+1	5.300095E+1
-3.100000E-4	-1.022236E-5	5.349000E+1	5.300095E+1
-3.000000E-4	-9.613953E-6	5.349000E+1	5.300095E+1
-2.900000E-4	-9.071520E-6	5.349000E+1	5.300095E+1
-2.800000E-4	-8.541018E-6	5.349000E+1	5.300095E+1
-2.700000E-4	-8.016332E-6	5.349000E+1	5.300095E+1
-2.600000E-4	-7.547292E-6	5.349000E+1	5.300095E+1
-2.500000E-4	-7.074242E-6	5.349000E+1	5.300095E+1
-2.400000E-4	-6.623150E-6	5.349000E+1	5.300095E+1
-2.300000E-4	-6.251769E-6	5.349000E+1	5.300095E+1
-2.200000E-4	-5.874574E-6	5.349000E+1	5.300095E+1
-2.100000E-4	-5.501388E-6	5.349000E+1	5.300095E+1
-2.000000E-4	-5.233881E-6	5.349000E+1	5.300095E+1
-1.900000E-4	-4.947324E-6	5.349000E+1	5.300095E+1
-1.800000E-4	-4.668086E-6	5.349000E+1	5.300095E+1
-1.700000E-4	-4.410806E-6	5.349000E+1	5.300095E+1
-1.600000E-4	-4.197843E-6	5.349000E+1	5.300095E+1
-1.500000E-4	-4.029298E-6	5.349000E+1	5.300095E+1
-1.400000E-4	-3.821248E-6	5.349000E+1	5.300095E+1
-1.300000E-4	-3.674961E-6	5.349000E+1	5.300095E+1
-1.200000E-4	-3.574596E-6	5.349000E+1	5.300095E+1
-1.100000E-4	-3.454177E-6	5.349000E+1	5.300095E+1
-1.000000E-4	-3.151177E-6	5.349000E+1	5.300095E+1
-9.000000E-5	-3.095229E-6	5.349000E+1	5.300095E+1
-8.000000E-5	-3.035571E-6	5.349000E+1	5.300095E+1
-7.000000E-5	-3.037276E-6	5.349000E+1	5.300095E+1
-6.000000E-5	-3.004489E-6	5.349000E+1	5.300095E+1
-5.000000E-5	-2.998774E-6	5.349000E+1	5.300095E+1
-4.000000E-5	-3.001782E-6	5.349000E+1	5.300095E+1
-3.000000E-5	-2.980125E-6	5.349000E+1	5.300095E+1
-2.000000E-5	-2.924476E-6	5.349000E+1	5.300095E+1
-1.000000E-5	-2.865220E-6	5.349000E+1	5.300095E+1
-0.000000E+0	-2.933801E-6	5.349000E+1	5.298667E+1
0.000000E+0	-2.872337E-6	5.351000E+1	5.299381E+1
