I	V	T_diode	T_cernox
1.000000E-5	-1.020846E-6	5.751000E+1	5.674849E+1
2.000000E-5	4.811215E-7	5.751000E+1	5.674849E+1
3.000000E-5	2.396886E-6	5.751000E+1	5.674849E+1
4.000000E-5	4.456531E-6	5.751000E+1	5.674849E+1
5.000000E-5	6.843340E-6	5.751000E+1	5.674849E+1
6.000000E-5	9.392579E-6	5.751000E+1	5.674849E+1
7.000000E-5	1.222056E-5	5.751000E+1	5.674849E+1
8.000000E-5	1.535193E-5	5.751000E+1	5.674849E+1
9.000000E-5	1.868214E-5	5.751000E+1	5.674849E+1
1.000000E-4	2.231203E-5	5.751000E+1	5.674849E+1
1.100000E-4	2.552633E-5	5.751000E+1	5.674849E+1
1.200000E-4	2.940609E-5	5.751000E+1	5.674849E+1
1.300000E-4	3.351114E-5	5.751000E+1	5.674849E+1
1.400000E-4	3.779997E-5	5.751000E+1	5.674849E+1
1.500000E-4	4.234158E-5	5.751000E+1	5.674849E+1
1.600000E-4	4.703168E-5	5.751000E+1	5.674849E+1
1.700000E-4	5.196071E-5	5.751000E+1	5.674849E+1
1.800000E-4	5.708676E-5	5.751000E+1	5.674849E+1
1.900000E-4	6.238777E-5	5.751000E+1	5.674849E+1
2.000000E-4	6.791007E-5	5.751000E+1	5.674849E+1
2.100000E-4	7.359399E-5	5.751000E+1	5.674849E+1
2.200000E-4	7.948557E-5	5.751000E+1	5.674849E+1
2.300000E-4	8.556333E-5	5.751000E+1	5.674849E+1
2.400000E-4	9.181164E-5	5.751000E+1	5.674849E+1
2.500000E-4	9.828165E-5	5.751000E+1	5.674849E+1
2.600000E-4	1.049628E-4	5.751000E+1	5.674849E+1
2.700000E-4	1.118225E-4	5.751000E+1	5.674849E+1
2.800000E-4	1.188304E-4	5.751000E+1	5.674849E+1
2.900000E-4	1.260315E-4	5.751000E+1	5.674849E+1
3.000000E-4	1.334283E-4	5.751000E+1	5.674849E+1
3.100000E-4	1.410533E-4	5.751000E+1	5.674849E+1
3.200000E-4	1.488484E-4	5.751000E+1	5.674849E+1
3.300000E-4	1.568099E-4	5.751000E+1	5.674849E+1
3.400000E-4	1.649954E-4	5.751000E+1	5.674849E+1
3.500000E-4	1.733452E-4	5.751000E+1	5.674849E+1
3.600000E-4	1.819029E-4	5.751000E+1	5.674849E+1
3.700000E-4	1.906236E-4	5.751000E+1	5.674849E+1
3.800000E-4	1.995443E-4	5.751000E+1	5.674849E+1
3.900000E-4	2.086752E-4	5.751000E+1	5.674849E+1
4.000000E-4	2.178922E-4	5.751000E+1	5.674849E+1
4.100000E-4	2.273378E-4	5.751000E+1	5.674849E+1
4.200000E-4	2.370170E-4	5.751000E+1	5.674849E+1
4.300000E-4	2.469010E-4	5.751000E+1	5.674849E+1
4.400000E-4	2.569236E-4	5.751000E+1	5.674849E+1
4.500000E-4	2.671427E-4	5.751000E+1	5.674849E+1
4.600000E-4	2.775383E-4	5.751000E+1	5.674849E+1
4.700000E-4	2.880967E-4	5.751000E+1	5.674849E+1
4.800000E-4	2.988563E-4	5.751000E+1	5.674849E+1
4.900000E-4	3.098171E-4	5.751000E+1	5.674849E+1
5.000000E-4	3.209464E-4	5.751000E+1	5.674849E+1
5.100000E-4	3.323099E-4	5.751000E+1	5.674849E+1
5.200000E-4	3.437796E-4	5.751000E+1	5.674849E+1
5.300000E-4	3.554567E-4	5.751000E+1	5.674849E+1
5.400000E-4	3.673606E-4	5.751000E+1	5.674849E+1
5.500000E-4	3.794187E-4	5.751000E+1	5.674849E+1
5.600000E-4	3.916207E-4	5.751000E+1	5.674849E+1
5.700000E-4	4.039233E-4	5.751000E+1	5.674849E+1
5.800000E-4	4.165741E-4	5.751000E+1	5.674849E+1
5.900000E-4	4.293433E-4	5.751000E+1	5.674849E+1
6.000000E-4	4.422802E-4	5.751000E+1	5.674849E+1
6.100000E-4	4.553949E-4	5.751000E+1	5.674849E+1
6.200000E-4	4.686744E-4	5.751000E+1	5.674849E+1
6.300000E-4	4.821830E-4	5.751000E+1	5.674849E+1
6.400000E-4	4.958679E-4	5.751000E+1	5.674849E+1
6.500000E-4	5.096936E-4	5.751000E+1	5.674849E+1
6.600000E-4	5.237362E-4	5.751000E+1	5.674849E+1
6.700000E-4	5.378966E-4	5.751000E+1	5.674849E+1
6.800000E-4	5.523225E-4	5.751000E+1	5.674849E+1
6.900000E-4	5.668929E-4	5.751000E+1	5.674849E+1
7.000000E-4	5.816608E-4	5.751000E+1	5.674849E+1
7.100000E-4	5.966589E-4	5.751000E+1	5.674849E+1
7.200000E-4	6.117600E-4	5.751000E+1	5.674849E+1
7.300000E-4	6.270644E-4	5.751000E+1	5.674849E+1
7.400000E-4	6.425876E-4	5.751000E+1	5.674849E+1
7.500000E-4	6.582781E-4	5.751000E+1	5.674849E+1
7.600000E-4	6.740952E-4	5.751000E+1	5.674849E+1
7.700000E-4	6.901546E-4	5.751000E+1	5.674849E+1
7.800000E-4	7.063483E-4	5.751000E+1	5.674849E+1
7.900000E-4	7.227654E-4	5.751000E+1	5.674849E+1
8.000000E-4	7.393519E-4	5.751000E+1	5.674849E+1
8.100000E-4	7.561156E-4	5.751000E+1	5.674849E+1
8.200000E-4	7.730533E-4	5.751000E+1	5.674849E+1
8.300000E-4	7.901603E-4	5.751000E+1	5.674849E+1
8.400000E-4	8.075033E-4	5.751000E+1	5.674849E+1
8.500000E-4	8.249524E-4	5.751000E+1	5.674849E+1
8.600000E-4	8.426642E-4	5.751000E+1	5.674849E+1
8.700000E-4	8.605061E-4	5.751000E+1	5.674849E+1
8.800000E-4	8.785675E-4	5.751000E+1	5.674849E+1
8.900000E-4	8.967426E-4	5.751000E+1	5.674849E+1
9.000000E-4	9.150701E-4	5.751000E+1	5.674849E+1
9.100000E-4	9.336557E-4	5.751000E+1	5.674849E+1
9.200000E-4	9.523777E-4	5.751000E+1	5.674849E+1
9.300000E-4	9.712944E-4	5.751000E+1	5.674849E+1
9.400000E-4	9.902804E-4	5.751000E+1	5.674849E+1
9.500000E-4	1.009578E-3	5.751000E+1	5.674849E+1
9.600000E-4	1.029030E-3	5.751000E+1	5.674849E+1
9.700000E-4	1.048661E-3	5.751000E+1	5.674849E+1
9.800000E-4	1.068475E-3	5.751000E+1	5.674849E+1
9.900000E-4	1.088447E-3	5.751000E+1	5.674849E+1
1.000000E-3	1.108601E-3	5.751000E+1	5.674849E+1
9.900000E-4	1.088490E-3	5.751000E+1	5.674849E+1
9.800000E-4	1.068593E-3	5.751000E+1	5.674849E+1
9.700000E-4	1.048832E-3	5.751000E+1	5.674849E+1
9.600000E-4	1.029157E-3	5.751000E+1	5.674849E+1
9.500000E-4	1.009660E-3	5.751000E+1	5.674849E+1
9.400000E-4	9.903701E-4	5.751000E+1	5.674849E+1
9.300000E-4	9.712598E-4	5.751000E+1	5.674849E+1
9.200000E-4	9.523021E-4	5.751000E+1	5.674849E+1
9.100000E-4	9.335150E-4	5.751000E+1	5.674849E+1
9.000000E-4	9.148939E-4	5.751000E+1	5.674849E+1
8.900000E-4	8.965110E-4	5.751000E+1	5.674849E+1
8.800000E-4	8.782843E-4	5.751000E+1	5.674849E+1
8.700000E-4	8.602749E-4	5.751000E+1	5.674849E+1
8.600000E-4	8.424356E-4	5.751000E+1	5.674849E+1
8.500000E-4	8.247366E-4	5.751000E+1	5.674849E+1
8.400000E-4	8.072172E-4	5.751000E+1	5.674849E+1
8.300000E-4	7.898660E-4	5.751000E+1	5.674849E+1
8.200000E-4	7.727886E-4	5.751000E+1	5.674849E+1
8.100000E-4	7.558264E-4	5.751000E+1	5.674849E+1
8.000000E-4	7.390349E-4	5.751000E+1	5.674849E+1
7.900000E-4	7.224612E-4	5.751000E+1	5.674849E+1
7.800000E-4	7.060525E-4	5.751000E+1	5.674849E+1
7.700000E-4	6.898376E-4	5.751000E+1	5.674849E+1
7.600000E-4	6.737992E-4	5.751000E+1	5.674849E+1
7.500000E-4	6.579515E-4	5.751000E+1	5.674849E+1
7.400000E-4	6.422501E-4	5.751000E+1	5.674849E+1
7.300000E-4	6.267432E-4	5.751000E+1	5.674849E+1
7.200000E-4	6.114377E-4	5.751000E+1	5.674849E+1
7.100000E-4	5.963606E-4	5.751000E+1	5.674849E+1
7.000000E-4	5.814123E-4	5.751000E+1	5.674849E+1
6.900000E-4	5.666376E-4	5.751000E+1	5.674849E+1
6.800000E-4	5.520772E-4	5.751000E+1	5.674849E+1
6.700000E-4	5.376789E-4	5.751000E+1	5.674849E+1
6.600000E-4	5.235138E-4	5.751000E+1	5.674849E+1
6.500000E-4	5.094836E-4	5.751000E+1	5.674849E+1
6.400000E-4	4.956206E-4	5.751000E+1	5.674849E+1
6.300000E-4	4.819568E-4	5.751000E+1	5.674849E+1
6.200000E-4	4.684572E-4	5.751000E+1	5.674849E+1
6.100000E-4	4.551928E-4	5.751000E+1	5.674849E+1
6.000000E-4	4.420146E-4	5.751000E+1	5.674849E+1
5.900000E-4	4.290543E-4	5.751000E+1	5.674849E+1
5.800000E-4	4.163251E-4	5.751000E+1	5.674849E+1
5.700000E-4	4.037258E-4	5.751000E+1	5.674849E+1
5.600000E-4	3.913016E-4	5.751000E+1	5.674849E+1
5.500000E-4	3.790550E-4	5.751000E+1	5.674849E+1
5.400000E-4	3.669619E-4	5.751000E+1	5.674849E+1
5.300000E-4	3.550669E-4	5.751000E+1	5.674849E+1
5.200000E-4	3.434335E-4	5.751000E+1	5.674849E+1
5.100000E-4	3.319181E-4	5.751000E+1	5.674849E+1
5.000000E-4	3.206001E-4	5.751000E+1	5.674849E+1
4.900000E-4	3.094998E-4	5.751000E+1	5.674849E+1
4.800000E-4	2.985176E-4	5.751000E+1	5.674849E+1
4.700000E-4	2.877534E-4	5.751000E+1	5.674849E+1
4.600000E-4	2.771843E-4	5.751000E+1	5.674849E+1
4.500000E-4	2.667932E-4	5.751000E+1	5.674849E+1
4.400000E-4	2.566045E-4	5.751000E+1	5.674849E+1
4.300000E-4	2.465983E-4	5.751000E+1	5.674849E+1
4.200000E-4	2.367852E-4	5.751000E+1	5.674849E+1
4.100000E-4	2.271856E-4	5.751000E+1	5.674849E+1
4.000000E-4	2.177087E-4	5.751000E+1	5.674849E+1
3.900000E-4	2.084667E-4	5.751000E+1	5.674849E+1
3.800000E-4	1.993374E-4	5.751000E+1	5.674849E+1
3.700000E-4	1.904663E-4	5.751000E+1	5.674849E+1
3.600000E-4	1.817650E-4	5.751000E+1	5.674849E+1
3.500000E-4	1.732419E-4	5.751000E+1	5.674849E+1
3.400000E-4	1.649433E-4	5.751000E+1	5.674849E+1
3.300000E-4	1.567621E-4	5.751000E+1	5.674849E+1
3.200000E-4	1.487943E-4	5.751000E+1	5.674849E+1
3.100000E-4	1.409925E-4	5.751000E+1	5.674849E+1
3.000000E-4	1.334060E-4	5.751000E+1	5.674849E+1
2.900000E-4	1.260206E-4	5.751000E+1	5.674849E+1
2.800000E-4	1.188168E-4	5.751000E+1	5.674849E+1
2.700000E-4	1.117862E-4	5.751000E+1	5.674849E+1
2.600000E-4	1.049744E-4	5.751000E+1	5.674849E+1
2.500000E-4	9.828316E-5	5.751000E+1	5.674849E+1
2.400000E-4	9.182809E-5	5.751000E+1	5.674849E+1
2.300000E-4	8.555391E-5	5.751000E+1	5.674849E+1
2.200000E-4	7.946481E-5	5.751000E+1	5.674849E+1
2.100000E-4	7.357464E-5	5.751000E+1	5.674849E+1
2.000000E-4	6.787307E-5	5.751000E+1	5.674849E+1
1.900000E-4	6.237634E-5	5.751000E+1	5.674849E+1
1.800000E-4	5.705146E-5	5.751000E+1	5.674849E+1
1.700000E-4	5.195149E-5	5.751000E+1	5.674849E+1
1.600000E-4	4.699398E-5	5.751000E+1	5.674849E+1
1.500000E-4	4.226578E-5	5.751000E+1	5.674849E+1
1.400000E-4	3.779647E-5	5.751000E+1	5.674849E+1
1.300000E-4	3.348918E-5	5.751000E+1	5.674849E+1
1.200000E-4	2.935756E-5	5.751000E+1	5.674849E+1
1.100000E-4	2.547349E-5	5.751000E+1	5.674849E+1
1.000000E-4	2.228085E-5	5.751000E+1	5.674849E+1
9.000000E-5	1.863451E-5	5.751000E+1	5.674849E+1
8.000000E-5	1.528977E-5	5.751000E+1	5.674849E+1
7.000000E-5	1.222206E-5	5.751000E+1	5.674849E+1
6.000000E-5	9.392478E-6	5.751000E+1	5.674849E+1
5.000000E-5	6.785687E-6	5.751000E+1	5.674849E+1
4.000000E-5	4.458636E-6	5.751000E+1	5.674849E+1
3.000000E-5	2.403403E-6	5.751000E+1	5.674849E+1
2.000000E-5	4.835278E-7	5.751000E+1	5.674849E+1
1.000000E-5	-1.009616E-6	5.751000E+1	5.674849E+1
0.000000E+0	-2.879554E-6	5.751000E+1	5.676436E+1
-1.000000E-5	-4.223804E-6	5.751000E+1	5.676436E+1
-2.000000E-5	-6.188592E-6	5.751000E+1	5.676436E+1
-3.000000E-5	-7.915453E-6	5.751000E+1	5.676436E+1
-4.000000E-5	-9.841840E-6	5.751000E+1	5.676436E+1
-5.000000E-5	-1.189877E-5	5.751000E+1	5.676436E+1
-6.000000E-5	-1.419243E-5	5.751000E+1	5.676436E+1
-7.000000E-5	-1.685546E-5	5.751000E+1	5.676436E+1
-8.000000E-5	-1.978810E-5	5.751000E+1	5.676436E+1
-9.000000E-5	-2.298996E-5	5.751000E+1	5.676436E+1
-1.000000E-4	-2.645140E-5	5.751000E+1	5.676436E+1
-1.100000E-4	-3.090025E-5	5.751000E+1	5.676436E+1
-1.200000E-4	-3.475232E-5	5.751000E+1	5.676436E+1
-1.300000E-4	-3.881896E-5	5.751000E+1	5.676436E+1
-1.400000E-4	-4.314508E-5	5.751000E+1	5.676436E+1
-1.500000E-4	-4.762491E-5	5.751000E+1	5.676436E+1
-1.600000E-4	-5.234949E-5	5.751000E+1	5.676436E+1
-1.700000E-4	-5.726497E-5	5.751000E+1	5.676436E+1
-1.800000E-4	-6.232782E-5	5.751000E+1	5.676436E+1
-1.900000E-4	-6.765247E-5	5.751000E+1	5.676436E+1
-2.000000E-4	-7.314879E-5	5.751000E+1	5.676436E+1
-2.100000E-4	-7.880612E-5	5.751000E+1	5.676436E+1
-2.200000E-4	-8.468274E-5	5.751000E+1	5.676436E+1
-2.300000E-4	-9.075557E-5	5.751000E+1	5.676436E+1
-2.400000E-4	-9.702422E-5	5.751000E+1	5.676436E+1
-2.500000E-4	-1.034670E-4	5.751000E+1	5.676436E+1
-2.600000E-4	-1.100999E-4	5.751000E+1	5.676436E+1
-2.700000E-4	-1.169297E-4	5.751000E+1	5.676436E+1
-2.800000E-4	-1.239396E-4	5.751000E+1	5.676436E+1
-2.900000E-4	-1.311614E-4	5.751000E+1	5.676436E+1
-3.000000E-4	-1.386239E-4	5.751000E+1	5.676436E+1
-3.100000E-4	-1.461730E-4	5.751000E+1	5.676436E+1
-3.200000E-4	-1.539343E-4	5.751000E+1	5.676436E+1
-3.300000E-4	-1.618784E-4	5.751000E+1	5.676436E+1
-3.400000E-4	-1.699676E-4	5.751000E+1	5.676436E+1
-3.500000E-4	-1.782563E-4	5.751000E+1	5.676436E+1
-3.600000E-4	-1.867409E-4	5.751000E+1	5.676436E+1
-3.700000E-4	-1.953799E-4	5.751000E+1	5.676436E+1
-3.800000E-4	-2.042595E-4	5.751000E+1	5.676436E+1
-3.900000E-4	-2.133041E-4	5.751000E+1	5.676436E+1
-4.000000E-4	-2.225162E-4	5.751000E+1	5.676436E+1
-4.100000E-4	-2.319388E-4	5.751000E+1	5.676436E+1
-4.200000E-4	-2.414985E-4	5.751000E+1	5.676436E+1
-4.300000E-4	-2.512934E-4	5.751000E+1	5.676436E+1
-4.400000E-4	-2.612781E-4	5.751000E+1	5.676436E+1
-4.500000E-4	-2.714333E-4	5.751000E+1	5.676436E+1
-4.600000E-4	-2.817412E-4	5.751000E+1	5.676436E+1
-4.700000E-4	-2.922477E-4	5.751000E+1	5.676436E+1
-4.800000E-4	-3.029775E-4	5.751000E+1	5.676436E+1
-4.900000E-4	-3.138576E-4	5.751000E+1	5.676436E+1
-5.000000E-4	-3.249177E-4	5.751000E+1	5.676436E+1
-5.100000E-4	-3.362127E-4	5.751000E+1	5.676436E+1
-5.200000E-4	-3.476810E-4	5.751000E+1	5.676436E+1
-5.300000E-4	-3.593501E-4	5.751000E+1	5.676436E+1
-5.400000E-4	-3.711601E-4	5.751000E+1	5.676436E+1
-5.500000E-4	-3.831653E-4	5.751000E+1	5.676436E+1
-5.600000E-4	-3.953769E-4	5.751000E+1	5.676436E+1
-5.700000E-4	-4.078192E-4	5.751000E+1	5.676436E+1
-5.800000E-4	-4.203411E-4	5.751000E+1	5.676436E+1
-5.900000E-4	-4.331013E-4	5.751000E+1	5.676436E+1
-6.000000E-4	-4.460510E-4	5.751000E+1	5.676436E+1
-6.100000E-4	-4.591467E-4	5.751000E+1	5.676436E+1
-6.200000E-4	-4.723975E-4	5.751000E+1	5.676436E+1
-6.300000E-4	-4.858424E-4	5.751000E+1	5.676436E+1
-6.400000E-4	-4.994469E-4	5.751000E+1	5.676436E+1
-6.500000E-4	-5.132765E-4	5.751000E+1	5.676436E+1
-6.600000E-4	-5.272602E-4	5.751000E+1	5.676436E+1
-6.700000E-4	-5.414523E-4	5.751000E+1	5.676436E+1
-6.800000E-4	-5.558329E-4	5.751000E+1	5.676436E+1
-6.900000E-4	-5.703610E-4	5.751000E+1	5.676436E+1
-7.000000E-4	-5.850896E-4	5.751000E+1	5.676436E+1
-7.100000E-4	-5.999703E-4	5.751000E+1	5.676436E+1
-7.200000E-4	-6.150482E-4	5.751000E+1	5.676436E+1
-7.300000E-4	-6.303529E-4	5.751000E+1	5.676436E+1
-7.400000E-4	-6.458158E-4	5.751000E+1	5.676436E+1
-7.500000E-4	-6.614463E-4	5.751000E+1	5.676436E+1
-7.600000E-4	-6.772426E-4	5.751000E+1	5.676436E+1
-7.700000E-4	-6.932575E-4	5.751000E+1	5.676436E+1
-7.800000E-4	-7.094383E-4	5.751000E+1	5.676436E+1
-7.900000E-4	-7.257818E-4	5.751000E+1	5.676436E+1
-8.000000E-4	-7.423140E-4	5.751000E+1	5.676436E+1
-8.100000E-4	-7.591137E-4	5.751000E+1	5.676436E+1
-8.200000E-4	-7.760605E-4	5.751000E+1	5.676436E+1
-8.300000E-4	-7.931478E-4	5.751000E+1	5.676436E+1
-8.400000E-4	-8.104463E-4	5.751000E+1	5.676436E+1
-8.500000E-4	-8.278185E-4	5.751000E+1	5.676436E+1
-8.600000E-4	-8.453634E-4	5.751000E+1	5.676436E+1
-8.700000E-4	-8.631655E-4	5.751000E+1	5.676436E+1
-8.800000E-4	-8.810909E-4	5.751000E+1	5.676436E+1
-8.900000E-4	-8.992423E-4	5.751000E+1	5.676436E+1
-9.000000E-4	-9.175481E-4	5.751000E+1	5.676436E+1
-9.100000E-4	-9.360601E-4	5.751000E+1	5.676436E+1
-9.200000E-4	-9.547381E-4	5.751000E+1	5.676436E+1
-9.300000E-4	-9.735652E-4	5.751000E+1	5.676436E+1
-9.400000E-4	-9.926236E-4	5.751000E+1	5.676436E+1
-9.500000E-4	-1.011884E-3	5.751000E+1	5.676436E+1
-9.600000E-4	-1.031311E-3	5.751000E+1	5.676436E+1
-9.700000E-4	-1.051019E-3	5.751000E+1	5.676436E+1
-9.800000E-4	-1.070858E-3	5.751000E+1	5.676436E+1
-9.900000E-4	-1.090852E-3	5.751000E+1	5.676436E+1
-1.000000E-3	-1.110955E-3	5.751000E+1	5.676436E+1
-9.900000E-4	-1.090911E-3	5.751000E+1	5.676436E+1
-9.800000E-4	-1.071051E-3	5.751000E+1	5.676436E+1
-9.700000E-4	-1.051273E-3	5.751000E+1	5.676436E+1
-9.600000E-4	-1.031732E-3	5.751000E+1	5.676436E+1
-9.500000E-4	-1.012385E-3	5.751000E+1	5.676436E+1
-9.400000E-4	-9.931965E-4	5.751000E+1	5.676436E+1
-9.300000E-4	-9.741704E-4	5.751000E+1	5.676436E+1
-9.200000E-4	-9.553346E-4	5.751000E+1	5.676436E+1
-9.100000E-4	-9.366670E-4	5.751000E+1	5.676436E+1
-9.000000E-4	-9.181290E-4	5.751000E+1	5.676436E+1
-8.900000E-4	-8.998290E-4	5.751000E+1	5.676436E+1
-8.800000E-4	-8.817155E-4	5.751000E+1	5.676436E+1
-8.700000E-4	-8.636707E-4	5.751000E+1	5.676436E+1
-8.600000E-4	-8.458848E-4	5.751000E+1	5.676436E+1
-8.500000E-4	-8.282127E-4	5.751000E+1	5.676436E+1
-8.400000E-4	-8.108541E-4	5.751000E+1	5.676436E+1
-8.300000E-4	-7.935543E-4	5.751000E+1	5.676436E+1
-8.200000E-4	-7.764793E-4	5.751000E+1	5.676436E+1
-8.100000E-4	-7.595884E-4	5.751000E+1	5.676436E+1
-8.000000E-4	-7.428412E-4	5.751000E+1	5.676436E+1
-7.900000E-4	-7.263354E-4	5.751000E+1	5.676436E+1
-7.800000E-4	-7.099613E-4	5.751000E+1	5.676436E+1
-7.700000E-4	-6.937304E-4	5.751000E+1	5.676436E+1
-7.600000E-4	-6.776688E-4	5.751000E+1	5.676436E+1
-7.500000E-4	-6.618555E-4	5.751000E+1	5.676436E+1
-7.400000E-4	-6.461806E-4	5.751000E+1	5.676436E+1
-7.300000E-4	-6.306985E-4	5.751000E+1	5.676436E+1
-7.200000E-4	-6.153502E-4	5.751000E+1	5.676436E+1
-7.100000E-4	-6.001650E-4	5.751000E+1	5.676436E+1
-7.000000E-4	-5.851931E-4	5.751000E+1	5.676436E+1
-6.900000E-4	-5.704018E-4	5.751000E+1	5.676436E+1
-6.800000E-4	-5.557781E-4	5.751000E+1	5.676436E+1
-6.700000E-4	-5.413408E-4	5.751000E+1	5.676436E+1
-6.600000E-4	-5.270575E-4	5.751000E+1	5.676436E+1
-6.500000E-4	-5.130693E-4	5.751000E+1	5.676436E+1
-6.400000E-4	-4.991735E-4	5.751000E+1	5.676436E+1
-6.300000E-4	-4.855635E-4	5.751000E+1	5.676436E+1
-6.200000E-4	-4.721039E-4	5.751000E+1	5.676436E+1
-6.100000E-4	-4.588028E-4	5.751000E+1	5.676436E+1
-6.000000E-4	-4.457083E-4	5.751000E+1	5.676436E+1
-5.900000E-4	-4.327998E-4	5.751000E+1	5.676436E+1
-5.800000E-4	-4.200794E-4	5.751000E+1	5.676436E+1
-5.700000E-4	-4.074852E-4	5.751000E+1	5.676436E+1
-5.600000E-4	-3.951829E-4	5.751000E+1	5.676436E+1
-5.500000E-4	-3.829512E-4	5.751000E+1	5.676436E+1
-5.400000E-4	-3.709229E-4	5.751000E+1	5.676436E+1
-5.300000E-4	-3.591114E-4	5.751000E+1	5.676436E+1
-5.200000E-4	-3.475254E-4	5.751000E+1	5.676436E+1
-5.100000E-4	-3.360853E-4	5.751000E+1	5.676436E+1
-5.000000E-4	-3.248091E-4	5.751000E+1	5.676436E+1
-4.900000E-4	-3.137536E-4	5.751000E+1	5.676436E+1
-4.800000E-4	-3.028567E-4	5.751000E+1	5.676436E+1
-4.700000E-4	-2.921701E-4	5.751000E+1	5.676436E+1
-4.600000E-4	-2.817005E-4	5.751000E+1	5.676436E+1
-4.500000E-4	-2.713576E-4	5.751000E+1	5.676436E+1
-4.400000E-4	-2.611805E-4	5.751000E+1	5.676436E+1
-4.300000E-4	-2.512218E-4	5.751000E+1	5.676436E+1
-4.200000E-4	-2.414221E-4	5.751000E+1	5.676436E+1
-4.100000E-4	-2.318171E-4	5.751000E+1	5.676436E+1
-4.000000E-4	-2.223982E-4	5.751000E+1	5.676436E+1
-3.900000E-4	-2.131636E-4	5.751000E+1	5.676436E+1
-3.800000E-4	-2.041181E-4	5.751000E+1	5.676436E+1
-3.700000E-4	-1.952475E-4	5.751000E+1	5.676436E+1
-3.600000E-4	-1.865660E-4	5.751000E+1	5.676436E+1
-3.500000E-4	-1.780645E-4	5.751000E+1	5.676436E+1
-3.400000E-4	-1.697497E-4	5.751000E+1	5.676436E+1
-3.300000E-4	-1.615934E-4	5.751000E+1	5.676436E+1
-3.200000E-4	-1.536271E-4	5.751000E+1	5.676436E+1
-3.100000E-4	-1.458653E-4	5.751000E+1	5.676436E+1
-3.000000E-4	-1.382965E-4	5.751000E+1	5.676436E+1
-2.900000E-4	-1.309118E-4	5.751000E+1	5.676436E+1
-2.800000E-4	-1.236828E-4	5.751000E+1	5.676436E+1
-2.700000E-4	-1.166744E-4	5.751000E+1	5.676436E+1
-2.600000E-4	-1.098607E-4	5.751000E+1	5.676436E+1
-2.500000E-4	-1.032734E-4	5.751000E+1	5.676436E+1
-2.400000E-4	-9.683173E-5	5.751000E+1	5.676436E+1
-2.300000E-4	-9.056578E-5	5.751000E+1	5.676436E+1
-2.200000E-4	-8.451431E-5	5.751000E+1	5.676436E+1
-2.100000E-4	-7.864601E-5	5.751000E+1	5.676436E+1
-2.000000E-4	-7.299569E-5	5.751000E+1	5.676436E+1
-1.900000E-4	-6.751963E-5	5.751000E+1	5.676436E+1
-1.800000E-4	-6.228712E-5	5.751000E+1	5.676436E+1
-1.700000E-4	-5.713120E-5	5.751000E+1	5.676436E+1
-1.600000E-4	-5.224169E-5	5.751000E+1	5.676436E+1
-1.500000E-4	-4.755331E-5	5.751000E+1	5.676436E+1
-1.400000E-4	-4.304190E-5	5.751000E+1	5.676436E+1
-1.300000E-4	-3.879679E-5	5.751000E+1	5.676436E+1
-1.200000E-4	-3.473707E-5	5.751000E+1	5.676436E+1
-1.100000E-4	-3.088320E-5	5.751000E+1	5.676436E+1
-1.000000E-4	-2.644137E-5	5.751000E+1	5.676436E+1
-9.000000E-5	-2.300429E-5	5.751000E+1	5.676436E+1
-8.000000E-5	-1.978479E-5	5.751000E+1	5.676436E+1
-7.000000E-5	-1.684423E-5	5.751000E+1	5.676436E+1
-6.000000E-5	-1.419914E-5	5.751000E+1	5.676436E+1
-5.000000E-5	-1.186498E-5	5.751000E+1	5.676436E+1
-4.000000E-5	-9.804238E-6	5.751000E+1	5.676436E+1
-3.000000E-5	-7.933498E-6	5.751000E+1	5.676436E+1
-2.000000E-5	-6.202128E-6	5.751000E+1	5.676436E+1
-1.000000E-5	-4.234432E-6	5.751000E+1	5.676436E+1
-0.000000E+0	-2.904821E-6	5.751000E+1	5.676049E+1
0.000000E+0	-2.739580E-6	6.202000E+1	6.123957E+1
