I	V	T_diode	T_cernox
1.000000E-4	-2.326196E-6	5.349000E+1	5.298527E+1
2.000000E-4	-3.512782E-7	5.349000E+1	5.298527E+1
3.000000E-4	4.318572E-6	5.349000E+1	5.298527E+1
4.000000E-4	1.185340E-5	5.349000E+1	5.298527E+1
5.000000E-4	2.235318E-5	5.349000E+1	5.298527E+1
6.000000E-4	3.582962E-5	5.349000E+1	5.298527E+1
7.000000E-4	5.237328E-5	5.349000E+1	5.298527E+1
8.000000E-4	7.193061E-5	5.349000E+1	5.298527E+1
9.000000E-4	9.447053E-5	5.349000E+1	5.298527E+1
1.000000E-3	1.200932E-4	5.349000E+1	5.298527E+1
9.000000E-4	9.443063E-5	5.349000E+1	5.298527E+1
8.000000E-4	7.192750E-5	5.349000E+1	5.298527E+1
7.000000E-4	5.236779E-5	5.349000E+1	5.298527E+1
6.000000E-4	3.581009E-5	5.349000E+1	5.298527E+1
5.000000E-4	2.233895E-5	5.349000E+1	5.298527E+1
4.000000E-4	1.182965E-5	5.349000E+1	5.298527E+1
3.000000E-4	4.263228E-6	5.349000E+1	5.298527E+1
2.000000E-4	-3.815587E-7	5.349000E+1	5.298527E+1
1.000000E-4	-2.329507E-6	5.349000E+1	5.298527E+1
0.000000E+0	-2.937915E-6	5.349000E+1	5.298088E+1
-1.000000E-4	-3.200509E-6	5.349000E+1	5.298088E+1
-2.000000E-4	-5.308580E-6	5.349000E+1	5.298088E+1
-3.000000E-4	-9.889286E-6	5.349000E+1	5.298088E+1
-4.000000E-4	-1.740074E-5	5.349000E+1	5.298088E+1
-5.000000E-4	-2.781105E-5	5.349000E+1	5.298088E+1
-6.000000E-4	-4.124967E-5	5.349000E+1	5.298088E+1
-7.000000E-4	-5.769092E-5	5.349000E+1	5.298088E+1
-8.000000E-4	-7.718446E-5	5.349000E+1	5.298088E+1
-9.000000E-4	-9.969155E-5	5.349000E+1	5.298088E+1
-1.000000E-3	-1.252596E-4	5.349000E+1	5.298088E+1
-9.000000E-4	-9.967862E-5	5.349000E+1	5.298088E+1
-8.000000E-4	-7.718787E-5	5.349000E+1	5.298088E+1
-7.000000E-4	-5.773155E-5	5.349000E+1	5.298088E+1
-6.000000E-4	-4.122893E-5	5.349000E+1	5.298088E+1
-5.000000E-4	-2.780655E-5	5.349000E+1	5.298088E+1
-4.000000E-4	-1.740455E-5	5.349000E+1	5.298088E+1
-3.000000E-4	-9.938018E-6	5.349000E+1	5.298088E+1
-2.000000E-4	-5.360218E-6	5.349000E+1	5.298088E+1
-1.000000E-4	-3.183064E-6	5.349000E+1	5.298088E+1
-0.000000E+0	-2.951251E-6	5.349000E+1	5.298638E+1
0.000000E+0	-2.897406E-6	5.349000E+1	5.299297E+1
