I	V	T_diode	T_cernox
1.000000E-5	-1.961025E-6	5.649000E+1	5.580295E+1
2.000000E-5	-1.420699E-6	5.649000E+1	5.580295E+1
3.000000E-5	-6.342235E-7	5.649000E+1	5.580295E+1
4.000000E-5	2.073978E-7	5.649000E+1	5.580295E+1
5.000000E-5	1.222079E-6	5.649000E+1	5.580295E+1
6.000000E-5	2.350460E-6	5.649000E+1	5.580295E+1
7.000000E-5	3.652901E-6	5.649000E+1	5.580295E+1
8.000000E-5	5.133212E-6	5.649000E+1	5.580295E+1
9.000000E-5	6.770738E-6	5.649000E+1	5.580295E+1
1.000000E-4	8.587338E-6	5.649000E+1	5.580295E+1
1.100000E-4	1.003095E-5	5.649000E+1	5.580295E+1
1.200000E-4	1.195694E-5	5.649000E+1	5.580295E+1
1.300000E-4	1.400264E-5	5.649000E+1	5.580295E+1
1.400000E-4	1.617238E-5	5.649000E+1	5.580295E+1
1.500000E-4	1.849421E-5	5.649000E+1	5.580295E+1
1.600000E-4	2.094067E-5	5.649000E+1	5.580295E+1
1.700000E-4	2.354165E-5	5.649000E+1	5.580295E+1
1.800000E-4	2.619626E-5	5.649000E+1	5.580295E+1
1.900000E-4	2.905180E-5	5.649000E+1	5.580295E+1
2.000000E-4	3.199438E-5	5.649000E+1	5.580295E+1
2.100000E-4	3.502097E-5	5.649000E+1	5.580295E+1
2.200000E-4	3.821882E-5	5.649000E+1	5.580295E+1
2.300000E-4	4.146691E-5	5.649000E+1	5.580295E+1
2.400000E-4	4.484524E-5	5.649000E+1	5.580295E+1
2.500000E-4	4.833766E-5	5.649000E+1	5.580295E+1
2.600000E-4	5.196044E-5	5.649000E+1	5.580295E+1
2.700000E-4	5.568147E-5	5.649000E+1	5.580295E+1
2.800000E-4	5.948802E-5	5.649000E+1	5.580295E+1
2.900000E-4	6.340818E-5	5.649000E+1	5.580295E+1
3.000000E-4	6.740775E-5	5.649000E+1	5.580295E+1
3.100000E-4	7.155180E-5	5.649000E+1	5.580295E+1
3.200000E-4	7.580453E-5	5.649000E+1	5.580295E+1
3.300000E-4	8.018129E-5	5.649000E+1	5.580295E+1
3.400000E-4	8.461902E-5	5.649000E+1	5.580295E+1
3.500000E-4	8.916152E-5	5.649000E+1	5.580295E+1
3.600000E-4	9.384930E-5	5.649000E+1	5.580295E+1
3.700000E-4	9.864036E-5	5.649000E+1	5.580295E+1
3.800000E-4	1.035220E-4	5.649000E+1	5.580295E+1
3.900000E-4	1.085547E-4	5.649000E+1	5.580295E+1
4.000000E-4	1.136482E-4	5.649000E+1	5.580295E+1
4.100000E-4	1.188319E-4	5.649000E+1	5.580295E+1
4.200000E-4	1.241611E-4	5.649000E+1	5.580295E+1
4.300000E-4	1.296395E-4	5.649000E+1	5.580295E+1
4.400000E-4	1.351569E-4	5.649000E+1	5.580295E+1
4.500000E-4	1.407637E-4	5.649000E+1	5.580295E+1
4.600000E-4	1.465533E-4	5.649000E+1	5.580295E+1
4.700000E-4	1.524305E-4	5.649000E+1	5.580295E+1
4.800000E-4	1.584100E-4	5.649000E+1	5.580295E+1
4.900000E-4	1.644756E-4	5.649000E+1	5.580295E+1
5.000000E-4	1.707099E-4	5.649000E+1	5.580295E+1
5.100000E-4	1.769894E-4	5.649000E+1	5.580295E+1
5.200000E-4	1.834374E-4	5.649000E+1	5.580295E+1
5.300000E-4	1.899988E-4	5.649000E+1	5.580295E+1
5.400000E-4	1.966607E-4	5.649000E+1	5.580295E+1
5.500000E-4	2.034514E-4	5.649000E+1	5.580295E+1
5.600000E-4	2.103652E-4	5.649000E+1	5.580295E+1
5.700000E-4	2.173676E-4	5.649000E+1	5.580295E+1
5.800000E-4	2.245010E-4	5.649000E+1	5.580295E+1
5.900000E-4	2.317572E-4	5.649000E+1	5.580295E+1
6.000000E-4	2.390795E-4	5.649000E+1	5.580295E+1
6.100000E-4	2.465320E-4	5.649000E+1	5.580295E+1
6.200000E-4	2.541026E-4	5.649000E+1	5.580295E+1
6.300000E-4	2.617803E-4	5.649000E+1	5.580295E+1
6.400000E-4	2.696114E-4	5.649000E+1	5.580295E+1
6.500000E-4	2.774981E-4	5.649000E+1	5.580295E+1
6.600000E-4	2.855062E-4	5.649000E+1	5.580295E+1
6.700000E-4	2.936251E-4	5.649000E+1	5.580295E+1
6.800000E-4	3.018997E-4	5.649000E+1	5.580295E+1
6.900000E-4	3.102457E-4	5.649000E+1	5.580295E+1
7.000000E-4	3.187059E-4	5.649000E+1	5.580295E+1
7.100000E-4	3.273072E-4	5.649000E+1	5.580295E+1
7.200000E-4	3.359974E-4	5.649000E+1	5.580295E+1
7.300000E-4	3.448433E-4	5.649000E+1	5.580295E+1
7.400000E-4	3.538180E-4	5.649000E+1	5.580295E+1
7.500000E-4	3.628968E-4	5.649000E+1	5.580295E+1
7.600000E-4	3.720828E-4	5.649000E+1	5.580295E+1
7.700000E-4	3.813787E-4	5.649000E+1	5.580295E+1
7.800000E-4	3.908091E-4	5.649000E+1	5.580295E+1
7.900000E-4	4.003524E-4	5.649000E+1	5.580295E+1
8.000000E-4	4.100020E-4	5.649000E+1	5.580295E+1
8.100000E-4	4.197935E-4	5.649000E+1	5.580295E+1
8.200000E-4	4.296662E-4	5.649000E+1	5.580295E+1
8.300000E-4	4.396901E-4	5.649000E+1	5.580295E+1
8.400000E-4	4.497656E-4	5.649000E+1	5.580295E+1
8.500000E-4	4.600174E-4	5.649000E+1	5.580295E+1
8.600000E-4	4.704002E-4	5.649000E+1	5.580295E+1
8.700000E-4	4.809248E-4	5.649000E+1	5.580295E+1
8.800000E-4	4.915330E-4	5.649000E+1	5.580295E+1
8.900000E-4	5.022759E-4	5.649000E+1	5.580295E+1
9.000000E-4	5.131615E-4	5.649000E+1	5.580295E+1
9.100000E-4	5.242067E-4	5.649000E+1	5.580295E+1
9.200000E-4	5.352525E-4	5.649000E+1	5.580295E+1
9.300000E-4	5.465072E-4	5.649000E+1	5.580295E+1
9.400000E-4	5.578207E-4	5.649000E+1	5.580295E+1
9.500000E-4	5.692831E-4	5.649000E+1	5.580295E+1
9.600000E-4	5.808813E-4	5.649000E+1	5.580295E+1
9.700000E-4	5.925425E-4	5.649000E+1	5.580295E+1
9.800000E-4	6.043705E-4	5.649000E+1	5.580295E+1
9.900000E-4	6.163189E-4	5.649000E+1	5.580295E+1
1.000000E-3	6.283588E-4	5.649000E+1	5.580295E+1
9.900000E-4	6.166835E-4	5.649000E+1	5.580295E+1
9.800000E-4	6.051189E-4	5.649000E+1	5.580295E+1
9.700000E-4	5.936478E-4	5.649000E+1	5.580295E+1
9.600000E-4	5.822657E-4	5.649000E+1	5.580295E+1
9.500000E-4	5.709536E-4	5.649000E+1	5.580295E+1
9.400000E-4	5.597976E-4	5.649000E+1	5.580295E+1
9.300000E-4	5.487803E-4	5.649000E+1	5.580295E+1
9.200000E-4	5.378111E-4	5.649000E+1	5.580295E+1
9.100000E-4	5.269560E-4	5.649000E+1	5.580295E+1
9.000000E-4	5.162148E-4	5.649000E+1	5.580295E+1
8.900000E-4	5.055159E-4	5.649000E+1	5.580295E+1
8.800000E-4	4.949357E-4	5.649000E+1	5.580295E+1
8.700000E-4	4.844556E-4	5.649000E+1	5.580295E+1
8.600000E-4	4.740636E-4	5.649000E+1	5.580295E+1
8.500000E-4	4.637551E-4	5.649000E+1	5.580295E+1
8.400000E-4	4.536026E-4	5.649000E+1	5.580295E+1
8.300000E-4	4.435488E-4	5.649000E+1	5.580295E+1
8.200000E-4	4.335791E-4	5.649000E+1	5.580295E+1
8.100000E-4	4.237393E-4	5.649000E+1	5.580295E+1
8.000000E-4	4.140166E-4	5.649000E+1	5.580295E+1
7.900000E-4	4.043881E-4	5.649000E+1	5.580295E+1
7.800000E-4	3.948484E-4	5.649000E+1	5.580295E+1
7.700000E-4	3.854650E-4	5.649000E+1	5.580295E+1
7.600000E-4	3.761680E-4	5.649000E+1	5.580295E+1
7.500000E-4	3.669723E-4	5.649000E+1	5.580295E+1
7.400000E-4	3.578830E-4	5.649000E+1	5.580295E+1
7.300000E-4	3.488831E-4	5.649000E+1	5.580295E+1
7.200000E-4	3.400676E-4	5.649000E+1	5.580295E+1
7.100000E-4	3.312952E-4	5.649000E+1	5.580295E+1
7.000000E-4	3.226628E-4	5.649000E+1	5.580295E+1
6.900000E-4	3.141405E-4	5.649000E+1	5.580295E+1
6.800000E-4	3.057315E-4	5.649000E+1	5.580295E+1
6.700000E-4	2.973907E-4	5.649000E+1	5.580295E+1
6.600000E-4	2.892173E-4	5.649000E+1	5.580295E+1
6.500000E-4	2.811420E-4	5.649000E+1	5.580295E+1
6.400000E-4	2.731676E-4	5.649000E+1	5.580295E+1
6.300000E-4	2.653275E-4	5.649000E+1	5.580295E+1
6.200000E-4	2.576223E-4	5.649000E+1	5.580295E+1
6.100000E-4	2.500009E-4	5.649000E+1	5.580295E+1
6.000000E-4	2.424705E-4	5.649000E+1	5.580295E+1
5.900000E-4	2.350609E-4	5.649000E+1	5.580295E+1
5.800000E-4	2.277550E-4	5.649000E+1	5.580295E+1
5.700000E-4	2.205574E-4	5.649000E+1	5.580295E+1
5.600000E-4	2.134696E-4	5.649000E+1	5.580295E+1
5.500000E-4	2.065469E-4	5.649000E+1	5.580295E+1
5.400000E-4	1.996308E-4	5.649000E+1	5.580295E+1
5.300000E-4	1.928686E-4	5.649000E+1	5.580295E+1
5.200000E-4	1.862177E-4	5.649000E+1	5.580295E+1
5.100000E-4	1.796749E-4	5.649000E+1	5.580295E+1
5.000000E-4	1.732781E-4	5.649000E+1	5.580295E+1
4.900000E-4	1.669356E-4	5.649000E+1	5.580295E+1
4.800000E-4	1.607218E-4	5.649000E+1	5.580295E+1
4.700000E-4	1.545938E-4	5.649000E+1	5.580295E+1
4.600000E-4	1.486536E-4	5.649000E+1	5.580295E+1
4.500000E-4	1.427516E-4	5.649000E+1	5.580295E+1
4.400000E-4	1.369609E-4	5.649000E+1	5.580295E+1
4.300000E-4	1.313150E-4	5.649000E+1	5.580295E+1
4.200000E-4	1.257707E-4	5.649000E+1	5.580295E+1
4.100000E-4	1.203325E-4	5.649000E+1	5.580295E+1
4.000000E-4	1.150248E-4	5.649000E+1	5.580295E+1
3.900000E-4	1.097929E-4	5.649000E+1	5.580295E+1
3.800000E-4	1.047705E-4	5.649000E+1	5.580295E+1
3.700000E-4	9.980694E-5	5.649000E+1	5.580295E+1
3.600000E-4	9.496194E-5	5.649000E+1	5.580295E+1
3.500000E-4	9.021320E-5	5.649000E+1	5.580295E+1
3.400000E-4	8.560151E-5	5.649000E+1	5.580295E+1
3.300000E-4	8.106954E-5	5.649000E+1	5.580295E+1
3.200000E-4	7.663362E-5	5.649000E+1	5.580295E+1
3.100000E-4	7.231451E-5	5.649000E+1	5.580295E+1
3.000000E-4	6.814068E-5	5.649000E+1	5.580295E+1
2.900000E-4	6.403884E-5	5.649000E+1	5.580295E+1
2.800000E-4	6.007176E-5	5.649000E+1	5.580295E+1
2.700000E-4	5.621730E-5	5.649000E+1	5.580295E+1
2.600000E-4	5.241846E-5	5.649000E+1	5.580295E+1
2.500000E-4	4.882145E-5	5.649000E+1	5.580295E+1
2.400000E-4	4.527639E-5	5.649000E+1	5.580295E+1
2.300000E-4	4.183349E-5	5.649000E+1	5.580295E+1
2.200000E-4	3.853598E-5	5.649000E+1	5.580295E+1
2.100000E-4	3.534444E-5	5.649000E+1	5.580295E+1
2.000000E-4	3.223523E-5	5.649000E+1	5.580295E+1
1.900000E-4	2.925355E-5	5.649000E+1	5.580295E+1
1.800000E-4	2.641024E-5	5.649000E+1	5.580295E+1
1.700000E-4	2.367761E-5	5.649000E+1	5.580295E+1
1.600000E-4	2.105548E-5	5.649000E+1	5.580295E+1
1.500000E-4	1.858566E-5	5.649000E+1	5.580295E+1
1.400000E-4	1.623876E-5	5.649000E+1	5.580295E+1
1.300000E-4	1.402350E-5	5.649000E+1	5.580295E+1
1.200000E-4	1.194842E-5	5.649000E+1	5.580295E+1
1.100000E-4	1.001972E-5	5.649000E+1	5.580295E+1
1.000000E-4	8.591952E-6	5.649000E+1	5.580295E+1
9.000000E-5	6.724618E-6	5.649000E+1	5.580295E+1
8.000000E-5	5.082981E-6	5.649000E+1	5.580295E+1
7.000000E-5	3.588934E-6	5.649000E+1	5.580295E+1
6.000000E-5	2.318577E-6	5.649000E+1	5.580295E+1
5.000000E-5	1.136052E-6	5.649000E+1	5.580295E+1
4.000000E-5	1.171595E-7	5.649000E+1	5.580295E+1
3.000000E-5	-7.557446E-7	5.649000E+1	5.580295E+1
2.000000E-5	-1.543624E-6	5.649000E+1	5.580295E+1
1.000000E-5	-2.066505E-6	5.649000E+1	5.580295E+1
0.000000E+0	-2.833128E-6	5.649000E+1	5.584183E+1
-1.000000E-5	-3.235490E-6	5.649000E+1	5.584183E+1
-2.000000E-5	-4.080521E-6	5.649000E+1	5.584183E+1
-3.000000E-5	-4.751492E-6	5.649000E+1	5.584183E+1
-4.000000E-5	-5.456051E-6	5.649000E+1	5.584183E+1
-5.000000E-5	-6.308301E-6	5.649000E+1	5.584183E+1
-6.000000E-5	-7.255802E-6	5.649000E+1	5.584183E+1
-7.000000E-5	-8.464192E-6	5.649000E+1	5.584183E+1
-8.000000E-5	-9.765225E-6	5.649000E+1	5.584183E+1
-9.000000E-5	-1.126829E-5	5.649000E+1	5.584183E+1
-1.000000E-4	-1.297580E-5	5.649000E+1	5.584183E+1
-1.100000E-4	-1.539228E-5	5.649000E+1	5.584183E+1
-1.200000E-4	-1.732839E-5	5.649000E+1	5.584183E+1
-1.300000E-4	-1.937619E-5	5.649000E+1	5.584183E+1
-1.400000E-4	-2.156758E-5	5.649000E+1	5.584183E+1
-1.500000E-4	-2.390585E-5	5.649000E+1	5.584183E+1
-1.600000E-4	-2.633205E-5	5.649000E+1	5.584183E+1
-1.700000E-4	-2.895106E-5	5.649000E+1	5.584183E+1
-1.800000E-4	-3.166633E-5	5.649000E+1	5.584183E+1
-1.900000E-4	-3.445489E-5	5.649000E+1	5.584183E+1
-2.000000E-4	-3.740498E-5	5.649000E+1	5.584183E+1
-2.100000E-4	-4.050456E-5	5.649000E+1	5.584183E+1
-2.200000E-4	-4.370210E-5	5.649000E+1	5.584183E+1
-2.300000E-4	-4.700993E-5	5.649000E+1	5.584183E+1
-2.400000E-4	-5.038193E-5	5.649000E+1	5.584183E+1
-2.500000E-4	-5.393380E-5	5.649000E+1	5.584183E+1
-2.600000E-4	-5.758043E-5	5.649000E+1	5.584183E+1
-2.700000E-4	-6.133443E-5	5.649000E+1	5.584183E+1
-2.800000E-4	-6.519975E-5	5.649000E+1	5.584183E+1
-2.900000E-4	-6.915088E-5	5.649000E+1	5.584183E+1
-3.000000E-4	-7.321340E-5	5.649000E+1	5.584183E+1
-3.100000E-4	-7.736857E-5	5.649000E+1	5.584183E+1
-3.200000E-4	-8.165759E-5	5.649000E+1	5.584183E+1
-3.300000E-4	-8.604878E-5	5.649000E+1	5.584183E+1
-3.400000E-4	-9.055849E-5	5.649000E+1	5.584183E+1
-3.500000E-4	-9.518179E-5	5.649000E+1	5.584183E+1
-3.600000E-4	-9.992511E-5	5.649000E+1	5.584183E+1
-3.700000E-4	-1.047448E-4	5.649000E+1	5.584183E+1
-3.800000E-4	-1.096610E-4	5.649000E+1	5.584183E+1
-3.900000E-4	-1.147355E-4	5.649000E+1	5.584183E+1
-4.000000E-4	-1.199091E-4	5.649000E+1	5.584183E+1
-4.100000E-4	-1.252168E-4	5.649000E+1	5.584183E+1
-4.200000E-4	-1.305995E-4	5.649000E+1	5.584183E+1
-4.300000E-4	-1.361126E-4	5.649000E+1	5.584183E+1
-4.400000E-4	-1.417099E-4	5.649000E+1	5.584183E+1
-4.500000E-4	-1.474588E-4	5.649000E+1	5.584183E+1
-4.600000E-4	-1.533232E-4	5.649000E+1	5.584183E+1
-4.700000E-4	-1.592239E-4	5.649000E+1	5.584183E+1
-4.800000E-4	-1.652762E-4	5.649000E+1	5.584183E+1
-4.900000E-4	-1.715067E-4	5.649000E+1	5.584183E+1
-5.000000E-4	-1.777673E-4	5.649000E+1	5.584183E+1
-5.100000E-4	-1.841746E-4	5.649000E+1	5.584183E+1
-5.200000E-4	-1.906911E-4	5.649000E+1	5.584183E+1
-5.300000E-4	-1.973153E-4	5.649000E+1	5.584183E+1
-5.400000E-4	-2.040555E-4	5.649000E+1	5.584183E+1
-5.500000E-4	-2.109237E-4	5.649000E+1	5.584183E+1
-5.600000E-4	-2.178846E-4	5.649000E+1	5.584183E+1
-5.700000E-4	-2.249448E-4	5.649000E+1	5.584183E+1
-5.800000E-4	-2.320937E-4	5.649000E+1	5.584183E+1
-5.900000E-4	-2.393422E-4	5.649000E+1	5.584183E+1
-6.000000E-4	-2.467442E-4	5.649000E+1	5.584183E+1
-6.100000E-4	-2.542303E-4	5.649000E+1	5.584183E+1
-6.200000E-4	-2.618344E-4	5.649000E+1	5.584183E+1
-6.300000E-4	-2.695222E-4	5.649000E+1	5.584183E+1
-6.400000E-4	-2.773415E-4	5.649000E+1	5.584183E+1
-6.500000E-4	-2.852635E-4	5.649000E+1	5.584183E+1
-6.600000E-4	-2.933207E-4	5.649000E+1	5.584183E+1
-6.700000E-4	-3.014606E-4	5.649000E+1	5.584183E+1
-6.800000E-4	-3.097262E-4	5.649000E+1	5.584183E+1
-6.900000E-4	-3.181041E-4	5.649000E+1	5.584183E+1
-7.000000E-4	-3.266277E-4	5.649000E+1	5.584183E+1
-7.100000E-4	-3.352623E-4	5.649000E+1	5.584183E+1
-7.200000E-4	-3.440077E-4	5.649000E+1	5.584183E+1
-7.300000E-4	-3.528270E-4	5.649000E+1	5.584183E+1
-7.400000E-4	-3.617390E-4	5.649000E+1	5.584183E+1
-7.500000E-4	-3.707879E-4	5.649000E+1	5.584183E+1
-7.600000E-4	-3.799335E-4	5.649000E+1	5.584183E+1
-7.700000E-4	-3.892291E-4	5.649000E+1	5.584183E+1
-7.800000E-4	-3.986073E-4	5.649000E+1	5.584183E+1
-7.900000E-4	-4.080817E-4	5.649000E+1	5.584183E+1
-8.000000E-4	-4.176965E-4	5.649000E+1	5.584183E+1
-8.100000E-4	-4.274374E-4	5.649000E+1	5.584183E+1
-8.200000E-4	-4.373042E-4	5.649000E+1	5.584183E+1
-8.300000E-4	-4.472751E-4	5.649000E+1	5.584183E+1
-8.400000E-4	-4.573447E-4	5.649000E+1	5.584183E+1
-8.500000E-4	-4.675112E-4	5.649000E+1	5.584183E+1
-8.600000E-4	-4.778276E-4	5.649000E+1	5.584183E+1
-8.700000E-4	-4.882428E-4	5.649000E+1	5.584183E+1
-8.800000E-4	-4.987705E-4	5.649000E+1	5.584183E+1
-8.900000E-4	-5.094350E-4	5.649000E+1	5.584183E+1
-9.000000E-4	-5.201705E-4	5.649000E+1	5.584183E+1
-9.100000E-4	-5.310079E-4	5.649000E+1	5.584183E+1
-9.200000E-4	-5.420227E-4	5.649000E+1	5.584183E+1
-9.300000E-4	-5.530850E-4	5.649000E+1	5.584183E+1
-9.400000E-4	-5.643068E-4	5.649000E+1	5.584183E+1
-9.500000E-4	-5.756050E-4	5.649000E+1	5.584183E+1
-9.600000E-4	-5.871093E-4	5.649000E+1	5.584183E+1
-9.700000E-4	-5.987397E-4	5.649000E+1	5.584183E+1
-9.800000E-4	-6.104380E-4	5.649000E+1	5.584183E+1
-9.900000E-4	-6.222389E-4	5.649000E+1	5.584183E+1
-1.000000E-3	-6.341667E-4	5.649000E+1	5.584183E+1
-9.900000E-4	-6.223453E-4	5.649000E+1	5.584183E+1
-9.800000E-4	-6.105682E-4	5.649000E+1	5.584183E+1
-9.700000E-4	-5.988900E-4	5.649000E+1	5.584183E+1
-9.600000E-4	-5.872905E-4	5.649000E+1	5.584183E+1
-9.500000E-4	-5.758442E-4	5.649000E+1	5.584183E+1
-9.400000E-4	-5.645198E-4	5.649000E+1	5.584183E+1
-9.300000E-4	-5.533121E-4	5.649000E+1	5.584183E+1
-9.200000E-4	-5.421822E-4	5.649000E+1	5.584183E+1
-9.100000E-4	-5.311908E-4	5.649000E+1	5.584183E+1
-9.000000E-4	-5.203140E-4	5.649000E+1	5.584183E+1
-8.900000E-4	-5.095629E-4	5.649000E+1	5.584183E+1
-8.800000E-4	-4.989336E-4	5.649000E+1	5.584183E+1
-8.700000E-4	-4.883877E-4	5.649000E+1	5.584183E+1
-8.600000E-4	-4.779311E-4	5.649000E+1	5.584183E+1
-8.500000E-4	-4.676294E-4	5.649000E+1	5.584183E+1
-8.400000E-4	-4.574371E-4	5.649000E+1	5.584183E+1
-8.300000E-4	-4.473834E-4	5.649000E+1	5.584183E+1
-8.200000E-4	-4.374007E-4	5.649000E+1	5.584183E+1
-8.100000E-4	-4.275456E-4	5.649000E+1	5.584183E+1
-8.000000E-4	-4.177740E-4	5.649000E+1	5.584183E+1
-7.900000E-4	-4.081541E-4	5.649000E+1	5.584183E+1
-7.800000E-4	-3.986153E-4	5.649000E+1	5.584183E+1
-7.700000E-4	-3.892290E-4	5.649000E+1	5.584183E+1
-7.600000E-4	-3.798684E-4	5.649000E+1	5.584183E+1
-7.500000E-4	-3.706679E-4	5.649000E+1	5.584183E+1
-7.400000E-4	-3.615593E-4	5.649000E+1	5.584183E+1
-7.300000E-4	-3.526487E-4	5.649000E+1	5.584183E+1
-7.200000E-4	-3.437951E-4	5.649000E+1	5.584183E+1
-7.100000E-4	-3.350702E-4	5.649000E+1	5.584183E+1
-7.000000E-4	-3.264548E-4	5.649000E+1	5.584183E+1
-6.900000E-4	-3.179595E-4	5.649000E+1	5.584183E+1
-6.800000E-4	-3.095961E-4	5.649000E+1	5.584183E+1
-6.700000E-4	-3.013553E-4	5.649000E+1	5.584183E+1
-6.600000E-4	-2.932160E-4	5.649000E+1	5.584183E+1
-6.500000E-4	-2.851795E-4	5.649000E+1	5.584183E+1
-6.400000E-4	-2.772577E-4	5.649000E+1	5.584183E+1
-6.300000E-4	-2.694274E-4	5.649000E+1	5.584183E+1
-6.200000E-4	-2.617562E-4	5.649000E+1	5.584183E+1
-6.100000E-4	-2.541194E-4	5.649000E+1	5.584183E+1
-6.000000E-4	-2.466364E-4	5.649000E+1	5.584183E+1
-5.900000E-4	-2.392477E-4	5.649000E+1	5.584183E+1
-5.800000E-4	-2.319754E-4	5.649000E+1	5.584183E+1
-5.700000E-4	-2.248488E-4	5.649000E+1	5.584183E+1
-5.600000E-4	-2.178007E-4	5.649000E+1	5.584183E+1
-5.500000E-4	-2.108495E-4	5.649000E+1	5.584183E+1
-5.400000E-4	-2.039976E-4	5.649000E+1	5.584183E+1
-5.300000E-4	-1.972284E-4	5.649000E+1	5.584183E+1
-5.200000E-4	-1.906700E-4	5.649000E+1	5.584183E+1
-5.100000E-4	-1.841400E-4	5.649000E+1	5.584183E+1
-5.000000E-4	-1.777529E-4	5.649000E+1	5.584183E+1
-4.900000E-4	-1.714625E-4	5.649000E+1	5.584183E+1
-4.800000E-4	-1.652919E-4	5.649000E+1	5.584183E+1
-4.700000E-4	-1.592308E-4	5.649000E+1	5.584183E+1
-4.600000E-4	-1.532670E-4	5.649000E+1	5.584183E+1
-4.500000E-4	-1.474323E-4	5.649000E+1	5.584183E+1
-4.400000E-4	-1.416969E-4	5.649000E+1	5.584183E+1
-4.300000E-4	-1.360998E-4	5.649000E+1	5.584183E+1
-4.200000E-4	-1.305630E-4	5.649000E+1	5.584183E+1
-4.100000E-4	-1.252057E-4	5.649000E+1	5.584183E+1
-4.000000E-4	-1.198931E-4	5.649000E+1	5.584183E+1
-3.900000E-4	-1.147007E-4	5.649000E+1	5.584183E+1
-3.800000E-4	-1.096490E-4	5.649000E+1	5.584183E+1
-3.700000E-4	-1.047014E-4	5.649000E+1	5.584183E+1
-3.600000E-4	-9.988081E-5	5.649000E+1	5.584183E+1
-3.500000E-4	-9.514030E-5	5.649000E+1	5.584183E+1
-3.400000E-4	-9.052813E-5	5.649000E+1	5.584183E+1
-3.300000E-4	-8.600359E-5	5.649000E+1	5.584183E+1
-3.200000E-4	-8.160961E-5	5.649000E+1	5.584183E+1
-3.100000E-4	-7.735358E-5	5.649000E+1	5.584183E+1
-3.000000E-4	-7.317104E-5	5.649000E+1	5.584183E+1
-2.900000E-4	-6.908345E-5	5.649000E+1	5.584183E+1
-2.800000E-4	-6.512330E-5	5.649000E+1	5.584183E+1
-2.700000E-4	-6.128818E-5	5.649000E+1	5.584183E+1
-2.600000E-4	-5.750760E-5	5.649000E+1	5.584183E+1
-2.500000E-4	-5.391522E-5	5.649000E+1	5.584183E+1
-2.400000E-4	-5.038812E-5	5.649000E+1	5.584183E+1
-2.300000E-4	-4.696258E-5	5.649000E+1	5.584183E+1
-2.200000E-4	-4.366136E-5	5.649000E+1	5.584183E+1
-2.100000E-4	-4.044718E-5	5.649000E+1	5.584183E+1
-2.000000E-4	-3.738249E-5	5.649000E+1	5.584183E+1
-1.900000E-4	-3.442900E-5	5.649000E+1	5.584183E+1
-1.800000E-4	-3.161919E-5	5.649000E+1	5.584183E+1
-1.700000E-4	-2.888718E-5	5.649000E+1	5.584183E+1
-1.600000E-4	-2.633594E-5	5.649000E+1	5.584183E+1
-1.500000E-4	-2.383204E-5	5.649000E+1	5.584183E+1
-1.400000E-4	-2.154079E-5	5.649000E+1	5.584183E+1
-1.300000E-4	-1.933246E-5	5.649000E+1	5.584183E+1
-1.200000E-4	-1.728396E-5	5.649000E+1	5.584183E+1
-1.100000E-4	-1.534123E-5	5.649000E+1	5.584183E+1
-1.000000E-4	-1.294321E-5	5.649000E+1	5.584183E+1
-9.000000E-5	-1.126859E-5	5.649000E+1	5.584183E+1
-8.000000E-5	-9.763414E-6	5.649000E+1	5.584183E+1
-7.000000E-5	-8.409040E-6	5.649000E+1	5.584183E+1
-6.000000E-5	-7.271839E-6	5.649000E+1	5.584183E+1
-5.000000E-5	-6.281626E-6	5.649000E+1	5.584183E+1
-4.000000E-5	-5.460560E-6	5.649000E+1	5.584183E+1
-3.000000E-5	-4.754998E-6	5.649000E+1	5.584183E+1
-2.000000E-5	-4.127040E-6	5.649000E+1	5.584183E+1
-1.000000E-5	-3.253635E-6	5.649000E+1	5.584183E+1
-0.000000E+0	-2.870524E-6	5.649000E+1	5.582030E+1
