I	V	T_diode	T_cernox
1.000000E-5	-2.388459E-6	5.550000E+1	5.487458E+1
2.000000E-5	-2.150430E-6	5.550000E+1	5.487458E+1
3.000000E-5	-1.890344E-6	5.550000E+1	5.487458E+1
4.000000E-5	-1.515353E-6	5.550000E+1	5.487458E+1
5.000000E-5	-1.054135E-6	5.550000E+1	5.487458E+1
6.000000E-5	-5.996341E-7	5.550000E+1	5.487458E+1
7.000000E-5	4.958089E-8	5.550000E+1	5.487458E+1
8.000000E-5	7.926456E-7	5.550000E+1	5.487458E+1
9.000000E-5	1.655126E-6	5.550000E+1	5.487458E+1
1.000000E-4	2.642939E-6	5.550000E+1	5.487458E+1
1.100000E-4	3.158302E-6	5.550000E+1	5.487458E+1
1.200000E-4	4.114530E-6	5.550000E+1	5.487458E+1
1.300000E-4	5.143252E-6	5.550000E+1	5.487458E+1
1.400000E-4	6.230427E-6	5.550000E+1	5.487458E+1
1.500000E-4	7.441931E-6	5.550000E+1	5.487458E+1
1.600000E-4	8.701062E-6	5.550000E+1	5.487458E+1
1.700000E-4	1.011881E-5	5.550000E+1	5.487458E+1
1.800000E-4	1.150237E-5	5.550000E+1	5.487458E+1
1.900000E-4	1.303402E-5	5.550000E+1	5.487458E+1
2.000000E-4	1.464578E-5	5.550000E+1	5.487458E+1
2.100000E-4	1.634819E-5	5.550000E+1	5.487458E+1
2.200000E-4	1.812970E-5	5.550000E+1	5.487458E+1
2.300000E-4	1.998991E-5	5.550000E+1	5.487458E+1
2.400000E-4	2.191561E-5	5.550000E+1	5.487458E+1
2.500000E-4	2.393585E-5	5.550000E+1	5.487458E+1
2.600000E-4	2.601284E-5	5.550000E+1	5.487458E+1
2.700000E-4	2.820233E-5	5.550000E+1	5.487458E+1
2.800000E-4	3.043323E-5	5.550000E+1	5.487458E+1
2.900000E-4	3.274154E-5	5.550000E+1	5.487458E+1
3.000000E-4	3.509967E-5	5.550000E+1	5.487458E+1
3.100000E-4	3.755236E-5	5.550000E+1	5.487458E+1
3.200000E-4	4.010511E-5	5.550000E+1	5.487458E+1
3.300000E-4	4.271351E-5	5.550000E+1	5.487458E+1
3.400000E-4	4.540242E-5	5.550000E+1	5.487458E+1
3.500000E-4	4.813193E-5	5.550000E+1	5.487458E+1
3.600000E-4	5.093665E-5	5.550000E+1	5.487458E+1
3.700000E-4	5.384284E-5	5.550000E+1	5.487458E+1
3.800000E-4	5.678391E-5	5.550000E+1	5.487458E+1
3.900000E-4	5.983558E-5	5.550000E+1	5.487458E+1
4.000000E-4	6.291212E-5	5.550000E+1	5.487458E+1
4.100000E-4	6.610216E-5	5.550000E+1	5.487458E+1
4.200000E-4	6.934975E-5	5.550000E+1	5.487458E+1
4.300000E-4	7.267322E-5	5.550000E+1	5.487458E+1
4.400000E-4	7.607200E-5	5.550000E+1	5.487458E+1
4.500000E-4	7.955602E-5	5.550000E+1	5.487458E+1
4.600000E-4	8.308515E-5	5.550000E+1	5.487458E+1
4.700000E-4	8.670271E-5	5.550000E+1	5.487458E+1
4.800000E-4	9.039488E-5	5.550000E+1	5.487458E+1
4.900000E-4	9.414188E-5	5.550000E+1	5.487458E+1
5.000000E-4	9.795396E-5	5.550000E+1	5.487458E+1
5.100000E-4	1.018148E-4	5.550000E+1	5.487458E+1
5.200000E-4	1.058178E-4	5.550000E+1	5.487458E+1
5.300000E-4	1.098612E-4	5.550000E+1	5.487458E+1
5.400000E-4	1.139427E-4	5.550000E+1	5.487458E+1
5.500000E-4	1.181140E-4	5.550000E+1	5.487458E+1
5.600000E-4	1.223579E-4	5.550000E+1	5.487458E+1
5.700000E-4	1.266986E-4	5.550000E+1	5.487458E+1
5.800000E-4	1.310844E-4	5.550000E+1	5.487458E+1
5.900000E-4	1.356024E-4	5.550000E+1	5.487458E+1
6.000000E-4	1.401736E-4	5.550000E+1	5.487458E+1
6.100000E-4	1.447871E-4	5.550000E+1	5.487458E+1
6.200000E-4	1.494605E-4	5.550000E+1	5.487458E+1
6.300000E-4	1.542883E-4	5.550000E+1	5.487458E+1
6.400000E-4	1.591504E-4	5.550000E+1	5.487458E+1
6.500000E-4	1.641485E-4	5.550000E+1	5.487458E+1
6.600000E-4	1.691724E-4	5.550000E+1	5.487458E+1
6.700000E-4	1.742710E-4	5.550000E+1	5.487458E+1
6.800000E-4	1.794403E-4	5.550000E+1	5.487458E+1
6.900000E-4	1.846988E-4	5.550000E+1	5.487458E+1
7.000000E-4	1.900225E-4	5.550000E+1	5.487458E+1
7.100000E-4	1.954390E-4	5.550000E+1	5.487458E+1
7.200000E-4	2.009178E-4	5.550000E+1	5.487458E+1
7.300000E-4	2.064819E-4	5.550000E+1	5.487458E+1
7.400000E-4	2.120973E-4	5.550000E+1	5.487458E+1
7.500000E-4	2.177774E-4	5.550000E+1	5.487458E+1
7.600000E-4	2.235388E-4	5.550000E+1	5.487458E+1
7.700000E-4	2.294575E-4	5.550000E+1	5.487458E+1
7.800000E-4	2.353624E-4	5.550000E+1	5.487458E+1
7.900000E-4	2.414415E-4	5.550000E+1	5.487458E+1
8.000000E-4	2.475107E-4	5.550000E+1	5.487458E+1
8.100000E-4	2.536809E-4	5.550000E+1	5.487458E+1
8.200000E-4	2.599284E-4	5.550000E+1	5.487458E+1
8.300000E-4	2.662713E-4	5.550000E+1	5.487458E+1
8.400000E-4	2.727114E-4	5.550000E+1	5.487458E+1
8.500000E-4	2.792226E-4	5.550000E+1	5.487458E+1
8.600000E-4	2.858057E-4	5.550000E+1	5.487458E+1
8.700000E-4	2.924020E-4	5.550000E+1	5.487458E+1
8.800000E-4	2.991088E-4	5.550000E+1	5.487458E+1
8.900000E-4	3.058812E-4	5.550000E+1	5.487458E+1
9.000000E-4	3.127177E-4	5.550000E+1	5.487458E+1
9.100000E-4	3.196515E-4	5.550000E+1	5.487458E+1
9.200000E-4	3.267149E-4	5.550000E+1	5.487458E+1
9.300000E-4	3.337964E-4	5.550000E+1	5.487458E+1
9.400000E-4	3.409376E-4	5.550000E+1	5.487458E+1
9.500000E-4	3.481993E-4	5.550000E+1	5.487458E+1
9.600000E-4	3.554818E-4	5.550000E+1	5.487458E+1
9.700000E-4	3.628464E-4	5.550000E+1	5.487458E+1
9.800000E-4	3.703096E-4	5.550000E+1	5.487458E+1
9.900000E-4	3.777881E-4	5.550000E+1	5.487458E+1
1.000000E-3	3.853853E-4	5.550000E+1	5.487458E+1
9.900000E-4	3.778103E-4	5.550000E+1	5.487458E+1
9.800000E-4	3.702977E-4	5.550000E+1	5.487458E+1
9.700000E-4	3.628455E-4	5.550000E+1	5.487458E+1
9.600000E-4	3.555008E-4	5.550000E+1	5.487458E+1
9.500000E-4	3.481989E-4	5.550000E+1	5.487458E+1
9.400000E-4	3.409903E-4	5.550000E+1	5.487458E+1
9.300000E-4	3.338936E-4	5.550000E+1	5.487458E+1
9.200000E-4	3.268072E-4	5.550000E+1	5.487458E+1
9.100000E-4	3.198003E-4	5.550000E+1	5.487458E+1
9.000000E-4	3.129022E-4	5.550000E+1	5.487458E+1
8.900000E-4	3.061135E-4	5.550000E+1	5.487458E+1
8.800000E-4	2.993938E-4	5.550000E+1	5.487458E+1
8.700000E-4	2.927332E-4	5.550000E+1	5.487458E+1
8.600000E-4	2.861494E-4	5.550000E+1	5.487458E+1
8.500000E-4	2.796508E-4	5.550000E+1	5.487458E+1
8.400000E-4	2.732117E-4	5.550000E+1	5.487458E+1
8.300000E-4	2.668072E-4	5.550000E+1	5.487458E+1
8.200000E-4	2.605763E-4	5.550000E+1	5.487458E+1
8.100000E-4	2.543232E-4	5.550000E+1	5.487458E+1
8.000000E-4	2.481974E-4	5.550000E+1	5.487458E+1
7.900000E-4	2.420933E-4	5.550000E+1	5.487458E+1
7.800000E-4	2.361170E-4	5.550000E+1	5.487458E+1
7.700000E-4	2.302045E-4	5.550000E+1	5.487458E+1
7.600000E-4	2.243333E-4	5.550000E+1	5.487458E+1
7.500000E-4	2.185176E-4	5.550000E+1	5.487458E+1
7.400000E-4	2.128241E-4	5.550000E+1	5.487458E+1
7.300000E-4	2.072093E-4	5.550000E+1	5.487458E+1
7.200000E-4	2.016068E-4	5.550000E+1	5.487458E+1
7.100000E-4	1.961293E-4	5.550000E+1	5.487458E+1
7.000000E-4	1.907708E-4	5.550000E+1	5.487458E+1
6.900000E-4	1.854704E-4	5.550000E+1	5.487458E+1
6.800000E-4	1.802261E-4	5.550000E+1	5.487458E+1
6.700000E-4	1.750577E-4	5.550000E+1	5.487458E+1
6.600000E-4	1.700144E-4	5.550000E+1	5.487458E+1
6.500000E-4	1.650151E-4	5.550000E+1	5.487458E+1
6.400000E-4	1.600890E-4	5.550000E+1	5.487458E+1
6.300000E-4	1.551990E-4	5.550000E+1	5.487458E+1
6.200000E-4	1.504422E-4	5.550000E+1	5.487458E+1
6.100000E-4	1.457558E-4	5.550000E+1	5.487458E+1
6.000000E-4	1.411061E-4	5.550000E+1	5.487458E+1
5.900000E-4	1.365575E-4	5.550000E+1	5.487458E+1
5.800000E-4	1.320909E-4	5.550000E+1	5.487458E+1
5.700000E-4	1.277179E-4	5.550000E+1	5.487458E+1
5.600000E-4	1.233560E-4	5.550000E+1	5.487458E+1
5.500000E-4	1.191059E-4	5.550000E+1	5.487458E+1
5.400000E-4	1.149097E-4	5.550000E+1	5.487458E+1
5.300000E-4	1.107717E-4	5.550000E+1	5.487458E+1
5.200000E-4	1.067108E-4	5.550000E+1	5.487458E+1
5.100000E-4	1.027373E-4	5.550000E+1	5.487458E+1
5.000000E-4	9.883681E-5	5.550000E+1	5.487458E+1
4.900000E-4	9.499004E-5	5.550000E+1	5.487458E+1
4.800000E-4	9.117234E-5	5.550000E+1	5.487458E+1
4.700000E-4	8.745753E-5	5.550000E+1	5.487458E+1
4.600000E-4	8.384197E-5	5.550000E+1	5.487458E+1
4.500000E-4	8.027935E-5	5.550000E+1	5.487458E+1
4.400000E-4	7.683043E-5	5.550000E+1	5.487458E+1
4.300000E-4	7.340677E-5	5.550000E+1	5.487458E+1
4.200000E-4	7.007185E-5	5.550000E+1	5.487458E+1
4.100000E-4	6.676752E-5	5.550000E+1	5.487458E+1
4.000000E-4	6.359884E-5	5.550000E+1	5.487458E+1
3.900000E-4	6.042023E-5	5.550000E+1	5.487458E+1
3.800000E-4	5.736485E-5	5.550000E+1	5.487458E+1
3.700000E-4	5.435971E-5	5.550000E+1	5.487458E+1
3.600000E-4	5.146616E-5	5.550000E+1	5.487458E+1
3.500000E-4	4.862505E-5	5.550000E+1	5.487458E+1
3.400000E-4	4.582304E-5	5.550000E+1	5.487458E+1
3.300000E-4	4.311668E-5	5.550000E+1	5.487458E+1
3.200000E-4	4.046858E-5	5.550000E+1	5.487458E+1
3.100000E-4	3.791994E-5	5.550000E+1	5.487458E+1
3.000000E-4	3.540589E-5	5.550000E+1	5.487458E+1
2.900000E-4	3.302419E-5	5.550000E+1	5.487458E+1
2.800000E-4	3.067648E-5	5.550000E+1	5.487458E+1
2.700000E-4	2.842824E-5	5.550000E+1	5.487458E+1
2.600000E-4	2.624396E-5	5.550000E+1	5.487458E+1
2.500000E-4	2.414010E-5	5.550000E+1	5.487458E+1
2.400000E-4	2.210371E-5	5.550000E+1	5.487458E+1
2.300000E-4	2.017621E-5	5.550000E+1	5.487458E+1
2.200000E-4	1.828581E-5	5.550000E+1	5.487458E+1
2.100000E-4	1.646379E-5	5.550000E+1	5.487458E+1
2.000000E-4	1.476089E-5	5.550000E+1	5.487458E+1
1.900000E-4	1.310321E-5	5.550000E+1	5.487458E+1
1.800000E-4	1.158690E-5	5.550000E+1	5.487458E+1
1.700000E-4	1.017707E-5	5.550000E+1	5.487458E+1
1.600000E-4	8.735754E-6	5.550000E+1	5.487458E+1
1.500000E-4	7.439325E-6	5.550000E+1	5.487458E+1
1.400000E-4	6.189921E-6	5.550000E+1	5.487458E+1
1.300000E-4	5.093421E-6	5.550000E+1	5.487458E+1
1.200000E-4	4.060689E-6	5.550000E+1	5.487458E+1
1.100000E-4	3.096238E-6	5.550000E+1	5.487458E+1
1.000000E-4	2.593007E-6	5.550000E+1	5.487458E+1
9.000000E-5	1.560075E-6	5.550000E+1	5.487458E+1
8.000000E-5	6.265064E-7	5.550000E+1	5.487458E+1
7.000000E-5	-5.669989E-8	5.550000E+1	5.487458E+1
6.000000E-5	-7.037091E-7	5.550000E+1	5.487458E+1
5.000000E-5	-1.245841E-6	5.550000E+1	5.487458E+1
4.000000E-5	-1.724706E-6	5.550000E+1	5.487458E+1
3.000000E-5	-2.114135E-6	5.550000E+1	5.487458E+1
2.000000E-5	-2.433880E-6	5.550000E+1	5.487458E+1
1.000000E-5	-2.627090E-6	5.550000E+1	5.487458E+1
0.000000E+0	-2.966385E-6	5.552000E+1	5.492105E+1
-1.000000E-5	-3.078080E-6	5.552000E+1	5.492105E+1
-2.000000E-5	-3.507715E-6	5.552000E+1	5.492105E+1
-3.000000E-5	-3.768303E-6	5.552000E+1	5.492105E+1
-4.000000E-5	-4.041325E-6	5.552000E+1	5.492105E+1
-5.000000E-5	-4.359766E-6	5.552000E+1	5.492105E+1
-6.000000E-5	-4.731748E-6	5.552000E+1	5.492105E+1
-7.000000E-5	-5.231368E-6	5.552000E+1	5.492105E+1
-8.000000E-5	-5.822929E-6	5.552000E+1	5.492105E+1
-9.000000E-5	-6.502624E-6	5.552000E+1	5.492105E+1
-1.000000E-4	-7.245687E-6	5.552000E+1	5.492105E+1
-1.100000E-4	-8.831776E-6	5.552000E+1	5.492105E+1
-1.200000E-4	-9.774666E-6	5.552000E+1	5.492105E+1
-1.300000E-4	-1.081010E-5	5.552000E+1	5.492105E+1
-1.400000E-4	-1.190780E-5	5.552000E+1	5.492105E+1
-1.500000E-4	-1.310877E-5	5.552000E+1	5.492105E+1
-1.600000E-4	-1.438835E-5	5.552000E+1	5.492105E+1
-1.700000E-4	-1.574784E-5	5.552000E+1	5.492105E+1
-1.800000E-4	-1.722876E-5	5.552000E+1	5.492105E+1
-1.900000E-4	-1.878156E-5	5.552000E+1	5.492105E+1
-2.000000E-4	-2.035913E-5	5.552000E+1	5.492105E+1
-2.100000E-4	-2.204719E-5	5.552000E+1	5.492105E+1
-2.200000E-4	-2.385376E-5	5.552000E+1	5.492105E+1
-2.300000E-4	-2.572821E-5	5.552000E+1	5.492105E+1
-2.400000E-4	-2.771325E-5	5.552000E+1	5.492105E+1
-2.500000E-4	-2.972848E-5	5.552000E+1	5.492105E+1
-2.600000E-4	-3.180105E-5	5.552000E+1	5.492105E+1
-2.700000E-4	-3.399204E-5	5.552000E+1	5.492105E+1
-2.800000E-4	-3.623747E-5	5.552000E+1	5.492105E+1
-2.900000E-4	-3.855549E-5	5.552000E+1	5.492105E+1
-3.000000E-4	-4.097529E-5	5.552000E+1	5.492105E+1
-3.100000E-4	-4.344742E-5	5.552000E+1	5.492105E+1
-3.200000E-4	-4.603585E-5	5.552000E+1	5.492105E+1
-3.300000E-4	-4.866179E-5	5.552000E+1	5.492105E+1
-3.400000E-4	-5.133395E-5	5.552000E+1	5.492105E+1
-3.500000E-4	-5.412643E-5	5.552000E+1	5.492105E+1
-3.600000E-4	-5.695430E-5	5.552000E+1	5.492105E+1
-3.700000E-4	-5.985175E-5	5.552000E+1	5.492105E+1
-3.800000E-4	-6.285981E-5	5.552000E+1	5.492105E+1
-3.900000E-4	-6.589583E-5	5.552000E+1	5.492105E+1
-4.000000E-4	-6.902238E-5	5.552000E+1	5.492105E+1
-4.100000E-4	-7.225452E-5	5.552000E+1	5.492105E+1
-4.200000E-4	-7.550661E-5	5.552000E+1	5.492105E+1
-4.300000E-4	-7.883641E-5	5.552000E+1	5.492105E+1
-4.400000E-4	-8.221123E-5	5.552000E+1	5.492105E+1
-4.500000E-4	-8.569884E-5	5.552000E+1	5.492105E+1
-4.600000E-4	-8.925543E-5	5.552000E+1	5.492105E+1
-4.700000E-4	-9.285344E-5	5.552000E+1	5.492105E+1
-4.800000E-4	-9.651873E-5	5.552000E+1	5.492105E+1
-4.900000E-4	-1.002562E-4	5.552000E+1	5.492105E+1
-5.000000E-4	-1.040593E-4	5.552000E+1	5.492105E+1
-5.100000E-4	-1.079568E-4	5.552000E+1	5.492105E+1
-5.200000E-4	-1.119234E-4	5.552000E+1	5.492105E+1
-5.300000E-4	-1.159164E-4	5.552000E+1	5.492105E+1
-5.400000E-4	-1.200115E-4	5.552000E+1	5.492105E+1
-5.500000E-4	-1.242047E-4	5.552000E+1	5.492105E+1
-5.600000E-4	-1.284352E-4	5.552000E+1	5.492105E+1
-5.700000E-4	-1.327479E-4	5.552000E+1	5.492105E+1
-5.800000E-4	-1.371220E-4	5.552000E+1	5.492105E+1
-5.900000E-4	-1.415542E-4	5.552000E+1	5.492105E+1
-6.000000E-4	-1.460978E-4	5.552000E+1	5.492105E+1
-6.100000E-4	-1.506771E-4	5.552000E+1	5.492105E+1
-6.200000E-4	-1.553130E-4	5.552000E+1	5.492105E+1
-6.300000E-4	-1.600553E-4	5.552000E+1	5.492105E+1
-6.400000E-4	-1.648856E-4	5.552000E+1	5.492105E+1
-6.500000E-4	-1.698143E-4	5.552000E+1	5.492105E+1
-6.600000E-4	-1.748106E-4	5.552000E+1	5.492105E+1
-6.700000E-4	-1.798714E-4	5.552000E+1	5.492105E+1
-6.800000E-4	-1.850040E-4	5.552000E+1	5.492105E+1
-6.900000E-4	-1.901616E-4	5.552000E+1	5.492105E+1
-7.000000E-4	-1.954390E-4	5.552000E+1	5.492105E+1
-7.100000E-4	-2.007988E-4	5.552000E+1	5.492105E+1
-7.200000E-4	-2.061957E-4	5.552000E+1	5.492105E+1
-7.300000E-4	-2.117119E-4	5.552000E+1	5.492105E+1
-7.400000E-4	-2.172760E-4	5.552000E+1	5.492105E+1
-7.500000E-4	-2.228728E-4	5.552000E+1	5.492105E+1
-7.600000E-4	-2.286070E-4	5.552000E+1	5.492105E+1
-7.700000E-4	-2.343799E-4	5.552000E+1	5.492105E+1
-7.800000E-4	-2.402383E-4	5.552000E+1	5.492105E+1
-7.900000E-4	-2.461983E-4	5.552000E+1	5.492105E+1
-8.000000E-4	-2.522093E-4	5.552000E+1	5.492105E+1
-8.100000E-4	-2.583119E-4	5.552000E+1	5.492105E+1
-8.200000E-4	-2.644814E-4	5.552000E+1	5.492105E+1
-8.300000E-4	-2.707055E-4	5.552000E+1	5.492105E+1
-8.400000E-4	-2.770492E-4	5.552000E+1	5.492105E+1
-8.500000E-4	-2.834291E-4	5.552000E+1	5.492105E+1
-8.600000E-4	-2.899223E-4	5.552000E+1	5.492105E+1
-8.700000E-4	-2.965222E-4	5.552000E+1	5.492105E+1
-8.800000E-4	-3.031487E-4	5.552000E+1	5.492105E+1
-8.900000E-4	-3.098794E-4	5.552000E+1	5.492105E+1
-9.000000E-4	-3.166684E-4	5.552000E+1	5.492105E+1
-9.100000E-4	-3.235915E-4	5.552000E+1	5.492105E+1
-9.200000E-4	-3.305513E-4	5.552000E+1	5.492105E+1
-9.300000E-4	-3.376128E-4	5.552000E+1	5.492105E+1
-9.400000E-4	-3.446987E-4	5.552000E+1	5.492105E+1
-9.500000E-4	-3.519125E-4	5.552000E+1	5.492105E+1
-9.600000E-4	-3.591179E-4	5.552000E+1	5.492105E+1
-9.700000E-4	-3.664277E-4	5.552000E+1	5.492105E+1
-9.800000E-4	-3.738301E-4	5.552000E+1	5.492105E+1
-9.900000E-4	-3.813125E-4	5.552000E+1	5.492105E+1
-1.000000E-3	-3.888585E-4	5.552000E+1	5.492105E+1
-9.900000E-4	-3.813015E-4	5.552000E+1	5.492105E+1
-9.800000E-4	-3.738027E-4	5.552000E+1	5.492105E+1
-9.700000E-4	-3.664160E-4	5.552000E+1	5.492105E+1
-9.600000E-4	-3.591046E-4	5.552000E+1	5.492105E+1
-9.500000E-4	-3.518742E-4	5.552000E+1	5.492105E+1
-9.400000E-4	-3.447559E-4	5.552000E+1	5.492105E+1
-9.300000E-4	-3.376076E-4	5.552000E+1	5.492105E+1
-9.200000E-4	-3.305579E-4	5.552000E+1	5.492105E+1
-9.100000E-4	-3.236242E-4	5.552000E+1	5.492105E+1
-9.000000E-4	-3.167724E-4	5.552000E+1	5.492105E+1
-8.900000E-4	-3.099718E-4	5.552000E+1	5.492105E+1
-8.800000E-4	-3.032719E-4	5.552000E+1	5.492105E+1
-8.700000E-4	-2.966477E-4	5.552000E+1	5.492105E+1
-8.600000E-4	-2.900979E-4	5.552000E+1	5.492105E+1
-8.500000E-4	-2.836740E-4	5.552000E+1	5.492105E+1
-8.400000E-4	-2.772702E-4	5.552000E+1	5.492105E+1
-8.300000E-4	-2.709410E-4	5.552000E+1	5.492105E+1
-8.200000E-4	-2.646856E-4	5.552000E+1	5.492105E+1
-8.100000E-4	-2.584740E-4	5.552000E+1	5.492105E+1
-8.000000E-4	-2.523830E-4	5.552000E+1	5.492105E+1
-7.900000E-4	-2.463772E-4	5.552000E+1	5.492105E+1
-7.800000E-4	-2.404715E-4	5.552000E+1	5.492105E+1
-7.700000E-4	-2.345655E-4	5.552000E+1	5.492105E+1
-7.600000E-4	-2.287506E-4	5.552000E+1	5.492105E+1
-7.500000E-4	-2.229788E-4	5.552000E+1	5.492105E+1
-7.400000E-4	-2.173459E-4	5.552000E+1	5.492105E+1
-7.300000E-4	-2.117185E-4	5.552000E+1	5.492105E+1
-7.200000E-4	-2.062756E-4	5.552000E+1	5.492105E+1
-7.100000E-4	-2.008203E-4	5.552000E+1	5.492105E+1
-7.000000E-4	-1.954662E-4	5.552000E+1	5.492105E+1
-6.900000E-4	-1.901739E-4	5.552000E+1	5.492105E+1
-6.800000E-4	-1.849607E-4	5.552000E+1	5.492105E+1
-6.700000E-4	-1.798249E-4	5.552000E+1	5.492105E+1
-6.600000E-4	-1.748234E-4	5.552000E+1	5.492105E+1
-6.500000E-4	-1.697895E-4	5.552000E+1	5.492105E+1
-6.400000E-4	-1.648964E-4	5.552000E+1	5.492105E+1
-6.300000E-4	-1.600630E-4	5.552000E+1	5.492105E+1
-6.200000E-4	-1.553346E-4	5.552000E+1	5.492105E+1
-6.100000E-4	-1.506113E-4	5.552000E+1	5.492105E+1
-6.000000E-4	-1.460283E-4	5.552000E+1	5.492105E+1
-5.900000E-4	-1.414600E-4	5.552000E+1	5.492105E+1
-5.800000E-4	-1.369786E-4	5.552000E+1	5.492105E+1
-5.700000E-4	-1.326192E-4	5.552000E+1	5.492105E+1
-5.600000E-4	-1.282776E-4	5.552000E+1	5.492105E+1
-5.500000E-4	-1.240433E-4	5.552000E+1	5.492105E+1
-5.400000E-4	-1.198677E-4	5.552000E+1	5.492105E+1
-5.300000E-4	-1.157655E-4	5.552000E+1	5.492105E+1
-5.200000E-4	-1.116973E-4	5.552000E+1	5.492105E+1
-5.100000E-4	-1.077587E-4	5.552000E+1	5.492105E+1
-5.000000E-4	-1.038734E-4	5.552000E+1	5.492105E+1
-4.900000E-4	-1.000944E-4	5.552000E+1	5.492105E+1
-4.800000E-4	-9.631457E-5	5.552000E+1	5.492105E+1
-4.700000E-4	-9.261500E-5	5.552000E+1	5.492105E+1
-4.600000E-4	-8.903083E-5	5.552000E+1	5.492105E+1
-4.500000E-4	-8.551946E-5	5.552000E+1	5.492105E+1
-4.400000E-4	-8.201921E-5	5.552000E+1	5.492105E+1
-4.300000E-4	-7.863738E-5	5.552000E+1	5.492105E+1
-4.200000E-4	-7.533618E-5	5.552000E+1	5.492105E+1
-4.100000E-4	-7.206183E-5	5.552000E+1	5.492105E+1
-4.000000E-4	-6.888514E-5	5.552000E+1	5.492105E+1
-3.900000E-4	-6.575667E-5	5.552000E+1	5.492105E+1
-3.800000E-4	-6.272506E-5	5.552000E+1	5.492105E+1
-3.700000E-4	-5.973356E-5	5.552000E+1	5.492105E+1
-3.600000E-4	-5.684443E-5	5.552000E+1	5.492105E+1
-3.500000E-4	-5.400402E-5	5.552000E+1	5.492105E+1
-3.400000E-4	-5.124182E-5	5.552000E+1	5.492105E+1
-3.300000E-4	-4.849607E-5	5.552000E+1	5.492105E+1
-3.200000E-4	-4.591995E-5	5.552000E+1	5.492105E+1
-3.100000E-4	-4.337412E-5	5.552000E+1	5.492105E+1
-3.000000E-4	-4.088705E-5	5.552000E+1	5.492105E+1
-2.900000E-4	-3.854466E-5	5.552000E+1	5.492105E+1
-2.800000E-4	-3.617701E-5	5.552000E+1	5.492105E+1
-2.700000E-4	-3.392145E-5	5.552000E+1	5.492105E+1
-2.600000E-4	-3.176536E-5	5.552000E+1	5.492105E+1
-2.500000E-4	-2.966892E-5	5.552000E+1	5.492105E+1
-2.400000E-4	-2.762552E-5	5.552000E+1	5.492105E+1
-2.300000E-4	-2.572681E-5	5.552000E+1	5.492105E+1
-2.200000E-4	-2.386900E-5	5.552000E+1	5.492105E+1
-2.100000E-4	-2.206694E-5	5.552000E+1	5.492105E+1
-2.000000E-4	-2.037878E-5	5.552000E+1	5.492105E+1
-1.900000E-4	-1.874286E-5	5.552000E+1	5.492105E+1
-1.800000E-4	-1.719918E-5	5.552000E+1	5.492105E+1
-1.700000E-4	-1.575306E-5	5.552000E+1	5.492105E+1
-1.600000E-4	-1.436259E-5	5.552000E+1	5.492105E+1
-1.500000E-4	-1.306356E-5	5.552000E+1	5.492105E+1
-1.400000E-4	-1.187492E-5	5.552000E+1	5.492105E+1
-1.300000E-4	-1.075436E-5	5.552000E+1	5.492105E+1
-1.200000E-4	-9.707592E-6	5.552000E+1	5.492105E+1
-1.100000E-4	-8.759086E-6	5.552000E+1	5.492105E+1
-1.000000E-4	-7.258623E-6	5.552000E+1	5.492105E+1
-9.000000E-5	-6.500521E-6	5.552000E+1	5.492105E+1
-8.000000E-5	-5.804883E-6	5.552000E+1	5.492105E+1
-7.000000E-5	-5.214022E-6	5.552000E+1	5.492105E+1
-6.000000E-5	-4.703775E-6	5.552000E+1	5.492105E+1
-5.000000E-5	-4.313744E-6	5.552000E+1	5.492105E+1
-4.000000E-5	-3.990491E-6	5.552000E+1	5.492105E+1
-3.000000E-5	-3.702831E-6	5.552000E+1	5.492105E+1
-2.000000E-5	-3.446853E-6	5.552000E+1	5.492105E+1
-1.000000E-5	-3.027947E-6	5.552000E+1	5.492105E+1
-0.000000E+0	-2.931993E-6	5.550000E+1	5.487984E+1
0.000000E+0	-2.861807E-6	5.751000E+1	5.674849E+1
