I	V	T_diode	T_cernox
3.000000E-6	-3.148674E-6	5.349000E+1	5.299735E+1
6.000000E-6	-3.141355E-6	5.349000E+1	5.299735E+1
9.000000E-6	-3.144563E-6	5.349000E+1	5.299735E+1
1.200000E-5	-3.123808E-6	5.349000E+1	5.299735E+1
1.500000E-5	-3.118093E-6	5.349000E+1	5.299735E+1
1.800000E-5	-3.081797E-6	5.349000E+1	5.299735E+1
2.100000E-5	-3.086309E-6	5.349000E+1	5.299735E+1
2.400000E-5	-3.100947E-6	5.349000E+1	5.299735E+1
2.700000E-5	-3.063649E-6	5.349000E+1	5.299735E+1
3.000000E-5	-3.061644E-6	5.349000E+1	5.299735E+1
3.000000E-5	-3.040187E-6	5.349000E+1	5.299735E+1
3.000000E-5	-3.030862E-6	5.349000E+1	5.299735E+1
2.700000E-5	-3.086008E-6	5.349000E+1	5.299735E+1
2.400000E-5	-3.058735E-6	5.349000E+1	5.299735E+1
2.100000E-5	-3.078287E-6	5.349000E+1	5.299735E+1
1.800000E-5	-3.089617E-6	5.349000E+1	5.299735E+1
1.500000E-5	-3.058836E-6	5.349000E+1	5.299735E+1
1.200000E-5	-3.036076E-6	5.349000E+1	5.299735E+1
9.000000E-6	-3.112277E-6	5.349000E+1	5.299735E+1
6.000000E-6	-3.108667E-6	5.349000E+1	5.299735E+1
3.000000E-6	-3.116388E-6	5.349000E+1	5.299735E+1
0.000000E+0	-3.102651E-6	5.349000E+1	5.299517E+1
-3.000000E-6	-3.067458E-6	5.349000E+1	5.299517E+1
-6.000000E-6	-3.018329E-6	5.349000E+1	5.299517E+1
-9.000000E-6	-2.978523E-6	5.349000E+1	5.299517E+1
-1.200000E-5	-3.097337E-6	5.349000E+1	5.299517E+1
-1.500000E-5	-3.110171E-6	5.349000E+1	5.299517E+1
-1.800000E-5	-3.117691E-6	5.349000E+1	5.299517E+1
-2.100000E-5	-3.138446E-6	5.349000E+1	5.299517E+1
-2.400000E-5	-3.105759E-6	5.349000E+1	5.299517E+1
-2.700000E-5	-3.097437E-6	5.349000E+1	5.299517E+1
-3.000000E-5	-3.110873E-6	5.349000E+1	5.299517E+1
-3.000000E-5	-3.126915E-6	5.349000E+1	5.299517E+1
-3.000000E-5	-3.124709E-6	5.349000E+1	5.299517E+1
-2.700000E-5	-3.122403E-6	5.349000E+1	5.299517E+1
-2.400000E-5	-3.136741E-6	5.349000E+1	5.299517E+1
-2.100000E-5	-3.148472E-6	5.349000E+1	5.299517E+1
-1.800000E-5	-3.160504E-6	5.349000E+1	5.299517E+1
-1.500000E-5	-3.128720E-6	5.349000E+1	5.299517E+1
-1.200000E-5	-3.141254E-6	5.349000E+1	5.299517E+1
-9.000000E-6	-3.044598E-6	5.349000E+1	5.299517E+1
-6.000000E-6	-3.063047E-6	5.349000E+1	5.299517E+1
-3.000000E-6	-3.112778E-6	5.349000E+1	5.299517E+1
-0.000000E+0	-3.117090E-6	5.349000E+1	5.299709E+1
0.000000E+0	-3.102651E-6	5.349000E+1	5.296935E+1
