I	V	T_diode	T_cernox
1.000000E-5	-2.582766E-6	5.451000E+1	5.399009E+1
2.000000E-5	-2.522407E-6	5.451000E+1	5.399009E+1
3.000000E-5	-2.430364E-6	5.451000E+1	5.399009E+1
4.000000E-5	-2.340226E-6	5.451000E+1	5.399009E+1
5.000000E-5	-2.228231E-6	5.451000E+1	5.399009E+1
6.000000E-5	-2.089565E-6	5.451000E+1	5.399009E+1
7.000000E-5	-1.886027E-6	5.451000E+1	5.399009E+1
8.000000E-5	-1.652712E-6	5.451000E+1	5.399009E+1
9.000000E-5	-1.408166E-6	5.451000E+1	5.399009E+1
1.000000E-4	-1.032575E-6	5.451000E+1	5.399009E+1
1.100000E-4	-8.115917E-7	5.451000E+1	5.399009E+1
1.200000E-4	-5.046817E-7	5.451000E+1	5.399009E+1
1.300000E-4	-9.600303E-8	5.451000E+1	5.399009E+1
1.400000E-4	3.619060E-7	5.451000E+1	5.399009E+1
1.500000E-4	8.545075E-7	5.451000E+1	5.399009E+1
1.600000E-4	1.424614E-6	5.451000E+1	5.399009E+1
1.700000E-4	2.005348E-6	5.451000E+1	5.399009E+1
1.800000E-4	2.645339E-6	5.451000E+1	5.399009E+1
1.900000E-4	3.358223E-6	5.451000E+1	5.399009E+1
2.000000E-4	4.068499E-6	5.451000E+1	5.399009E+1
2.100000E-4	4.808354E-6	5.451000E+1	5.399009E+1
2.200000E-4	5.692891E-6	5.451000E+1	5.399009E+1
2.300000E-4	6.547449E-6	5.451000E+1	5.399009E+1
2.400000E-4	7.482219E-6	5.451000E+1	5.399009E+1
2.500000E-4	8.463311E-6	5.451000E+1	5.399009E+1
2.600000E-4	9.499649E-6	5.451000E+1	5.399009E+1
2.700000E-4	1.058040E-5	5.451000E+1	5.399009E+1
2.800000E-4	1.169194E-5	5.451000E+1	5.399009E+1
2.900000E-4	1.285471E-5	5.451000E+1	5.399009E+1
3.000000E-4	1.407734E-5	5.451000E+1	5.399009E+1
3.100000E-4	1.533286E-5	5.451000E+1	5.399009E+1
3.200000E-4	1.665736E-5	5.451000E+1	5.399009E+1
3.300000E-4	1.796963E-5	5.451000E+1	5.399009E+1
3.400000E-4	1.934747E-5	5.451000E+1	5.399009E+1
3.500000E-4	2.079840E-5	5.451000E+1	5.399009E+1
3.600000E-4	2.232634E-5	5.451000E+1	5.399009E+1
3.700000E-4	2.384305E-5	5.451000E+1	5.399009E+1
3.800000E-4	2.541199E-5	5.451000E+1	5.399009E+1
3.900000E-4	2.705934E-5	5.451000E+1	5.399009E+1
4.000000E-4	2.869456E-5	5.451000E+1	5.399009E+1
4.100000E-4	3.041030E-5	5.451000E+1	5.399009E+1
4.200000E-4	3.217305E-5	5.451000E+1	5.399009E+1
4.300000E-4	3.397933E-5	5.451000E+1	5.399009E+1
4.400000E-4	3.582771E-5	5.451000E+1	5.399009E+1
4.500000E-4	3.772121E-5	5.451000E+1	5.399009E+1
4.600000E-4	3.967217E-5	5.451000E+1	5.399009E+1
4.700000E-4	4.166022E-5	5.451000E+1	5.399009E+1
4.800000E-4	4.365850E-5	5.451000E+1	5.399009E+1
4.900000E-4	4.568385E-5	5.451000E+1	5.399009E+1
5.000000E-4	4.785349E-5	5.451000E+1	5.399009E+1
5.100000E-4	5.002913E-5	5.451000E+1	5.399009E+1
5.200000E-4	5.223005E-5	5.451000E+1	5.399009E+1
5.300000E-4	5.448772E-5	5.451000E+1	5.399009E+1
5.400000E-4	5.680254E-5	5.451000E+1	5.399009E+1
5.500000E-4	5.913039E-5	5.451000E+1	5.399009E+1
5.600000E-4	6.151589E-5	5.451000E+1	5.399009E+1
5.700000E-4	6.387422E-5	5.451000E+1	5.399009E+1
5.800000E-4	6.635999E-5	5.451000E+1	5.399009E+1
5.900000E-4	6.885438E-5	5.451000E+1	5.399009E+1
6.000000E-4	7.144352E-5	5.451000E+1	5.399009E+1
6.100000E-4	7.406776E-5	5.451000E+1	5.399009E+1
6.200000E-4	7.666582E-5	5.451000E+1	5.399009E+1
6.300000E-4	7.936938E-5	5.451000E+1	5.399009E+1
6.400000E-4	8.208556E-5	5.451000E+1	5.399009E+1
6.500000E-4	8.489618E-5	5.451000E+1	5.399009E+1
6.600000E-4	8.768064E-5	5.451000E+1	5.399009E+1
6.700000E-4	9.053228E-5	5.451000E+1	5.399009E+1
6.800000E-4	9.343655E-5	5.451000E+1	5.399009E+1
6.900000E-4	9.639096E-5	5.451000E+1	5.399009E+1
7.000000E-4	9.935870E-5	5.451000E+1	5.399009E+1
7.100000E-4	1.024017E-4	5.451000E+1	5.399009E+1
7.200000E-4	1.054685E-4	5.451000E+1	5.399009E+1
7.300000E-4	1.085975E-4	5.451000E+1	5.399009E+1
7.400000E-4	1.117738E-4	5.451000E+1	5.399009E+1
7.500000E-4	1.150052E-4	5.451000E+1	5.399009E+1
7.600000E-4	1.183177E-4	5.451000E+1	5.399009E+1
7.700000E-4	1.216282E-4	5.451000E+1	5.399009E+1
7.800000E-4	1.249895E-4	5.451000E+1	5.399009E+1
7.900000E-4	1.283817E-4	5.451000E+1	5.399009E+1
8.000000E-4	1.317995E-4	5.451000E+1	5.399009E+1
8.100000E-4	1.353062E-4	5.451000E+1	5.399009E+1
8.200000E-4	1.388693E-4	5.451000E+1	5.399009E+1
8.300000E-4	1.424002E-4	5.451000E+1	5.399009E+1
8.400000E-4	1.460853E-4	5.451000E+1	5.399009E+1
8.500000E-4	1.497586E-4	5.451000E+1	5.399009E+1
8.600000E-4	1.534656E-4	5.451000E+1	5.399009E+1
8.700000E-4	1.572137E-4	5.451000E+1	5.399009E+1
8.800000E-4	1.610530E-4	5.451000E+1	5.399009E+1
8.900000E-4	1.648899E-4	5.451000E+1	5.399009E+1
9.000000E-4	1.688148E-4	5.451000E+1	5.399009E+1
9.100000E-4	1.727801E-4	5.451000E+1	5.399009E+1
9.200000E-4	1.767815E-4	5.451000E+1	5.399009E+1
9.300000E-4	1.808305E-4	5.451000E+1	5.399009E+1
9.400000E-4	1.849254E-4	5.451000E+1	5.399009E+1
9.500000E-4	1.890176E-4	5.451000E+1	5.399009E+1
9.600000E-4	1.932084E-4	5.451000E+1	5.399009E+1
9.700000E-4	1.974358E-4	5.451000E+1	5.399009E+1
9.800000E-4	2.017053E-4	5.451000E+1	5.399009E+1
9.900000E-4	2.060157E-4	5.451000E+1	5.399009E+1
1.000000E-3	2.103932E-4	5.451000E+1	5.399009E+1
9.900000E-4	2.059966E-4	5.451000E+1	5.399009E+1
9.800000E-4	2.016802E-4	5.451000E+1	5.399009E+1
9.700000E-4	1.974148E-4	5.451000E+1	5.399009E+1
9.600000E-4	1.931333E-4	5.451000E+1	5.399009E+1
9.500000E-4	1.889221E-4	5.451000E+1	5.399009E+1
9.400000E-4	1.847651E-4	5.451000E+1	5.399009E+1
9.300000E-4	1.806485E-4	5.451000E+1	5.399009E+1
9.200000E-4	1.766027E-4	5.451000E+1	5.399009E+1
9.100000E-4	1.725805E-4	5.451000E+1	5.399009E+1
9.000000E-4	1.686338E-4	5.451000E+1	5.399009E+1
8.900000E-4	1.646997E-4	5.451000E+1	5.399009E+1
8.800000E-4	1.608754E-4	5.451000E+1	5.399009E+1
8.700000E-4	1.570480E-4	5.451000E+1	5.399009E+1
8.600000E-4	1.533313E-4	5.451000E+1	5.399009E+1
8.500000E-4	1.495881E-4	5.451000E+1	5.399009E+1
8.400000E-4	1.459197E-4	5.451000E+1	5.399009E+1
8.300000E-4	1.423064E-4	5.451000E+1	5.399009E+1
8.200000E-4	1.387262E-4	5.451000E+1	5.399009E+1
8.100000E-4	1.351939E-4	5.451000E+1	5.399009E+1
8.000000E-4	1.317241E-4	5.451000E+1	5.399009E+1
7.900000E-4	1.282823E-4	5.451000E+1	5.399009E+1
7.800000E-4	1.248585E-4	5.451000E+1	5.399009E+1
7.700000E-4	1.215053E-4	5.451000E+1	5.399009E+1
7.600000E-4	1.182140E-4	5.451000E+1	5.399009E+1
7.500000E-4	1.149644E-4	5.451000E+1	5.399009E+1
7.400000E-4	1.117060E-4	5.451000E+1	5.399009E+1
7.300000E-4	1.085469E-4	5.451000E+1	5.399009E+1
7.200000E-4	1.054163E-4	5.451000E+1	5.399009E+1
7.100000E-4	1.023504E-4	5.451000E+1	5.399009E+1
7.000000E-4	9.933058E-5	5.451000E+1	5.399009E+1
6.900000E-4	9.633546E-5	5.451000E+1	5.399009E+1
6.800000E-4	9.341856E-5	5.451000E+1	5.399009E+1
6.700000E-4	9.051649E-5	5.451000E+1	5.399009E+1
6.600000E-4	8.762976E-5	5.451000E+1	5.399009E+1
6.500000E-4	8.482254E-5	5.451000E+1	5.399009E+1
6.400000E-4	8.202686E-5	5.451000E+1	5.399009E+1
6.300000E-4	7.931118E-5	5.451000E+1	5.399009E+1
6.200000E-4	7.660343E-5	5.451000E+1	5.399009E+1
6.100000E-4	7.397819E-5	5.451000E+1	5.399009E+1
6.000000E-4	7.138845E-5	5.451000E+1	5.399009E+1
5.900000E-4	6.882438E-5	5.451000E+1	5.399009E+1
5.800000E-4	6.633701E-5	5.451000E+1	5.399009E+1
5.700000E-4	6.385968E-5	5.451000E+1	5.399009E+1
5.600000E-4	6.143327E-5	5.451000E+1	5.399009E+1
5.500000E-4	5.908376E-5	5.451000E+1	5.399009E+1
5.400000E-4	5.674829E-5	5.451000E+1	5.399009E+1
5.300000E-4	5.443117E-5	5.451000E+1	5.399009E+1
5.200000E-4	5.215275E-5	5.451000E+1	5.399009E+1
5.100000E-4	4.995033E-5	5.451000E+1	5.399009E+1
5.000000E-4	4.776606E-5	5.451000E+1	5.399009E+1
4.900000E-4	4.564435E-5	5.451000E+1	5.399009E+1
4.800000E-4	4.356346E-5	5.451000E+1	5.399009E+1
4.700000E-4	4.151064E-5	5.451000E+1	5.399009E+1
4.600000E-4	3.953652E-5	5.451000E+1	5.399009E+1
4.500000E-4	3.760772E-5	5.451000E+1	5.399009E+1
4.400000E-4	3.571953E-5	5.451000E+1	5.399009E+1
4.300000E-4	3.384247E-5	5.451000E+1	5.399009E+1
4.200000E-4	3.202998E-5	5.451000E+1	5.399009E+1
4.100000E-4	3.027745E-5	5.451000E+1	5.399009E+1
4.000000E-4	2.856383E-5	5.451000E+1	5.399009E+1
3.900000E-4	2.692780E-5	5.451000E+1	5.399009E+1
3.800000E-4	2.531815E-5	5.451000E+1	5.399009E+1
3.700000E-4	2.376004E-5	5.451000E+1	5.399009E+1
3.600000E-4	2.221385E-5	5.451000E+1	5.399009E+1
3.500000E-4	2.073294E-5	5.451000E+1	5.399009E+1
3.400000E-4	1.928371E-5	5.451000E+1	5.399009E+1
3.300000E-4	1.790456E-5	5.451000E+1	5.399009E+1
3.200000E-4	1.658077E-5	5.451000E+1	5.399009E+1
3.100000E-4	1.528805E-5	5.451000E+1	5.399009E+1
3.000000E-4	1.399052E-5	5.451000E+1	5.399009E+1
2.900000E-4	1.278493E-5	5.451000E+1	5.399009E+1
2.800000E-4	1.166728E-5	5.451000E+1	5.399009E+1
2.700000E-4	1.055635E-5	5.451000E+1	5.399009E+1
2.600000E-4	9.478498E-6	5.451000E+1	5.399009E+1
2.500000E-4	8.443663E-6	5.451000E+1	5.399009E+1
2.400000E-4	7.466782E-6	5.451000E+1	5.399009E+1
2.300000E-4	6.546349E-6	5.451000E+1	5.399009E+1
2.200000E-4	5.654593E-6	5.451000E+1	5.399009E+1
2.100000E-4	4.843249E-6	5.451000E+1	5.399009E+1
2.000000E-4	4.026089E-6	5.451000E+1	5.399009E+1
1.900000E-4	3.322029E-6	5.451000E+1	5.399009E+1
1.800000E-4	2.601926E-6	5.451000E+1	5.399009E+1
1.700000E-4	1.992916E-6	5.451000E+1	5.399009E+1
1.600000E-4	1.404662E-6	5.451000E+1	5.399009E+1
1.500000E-4	8.655369E-7	5.451000E+1	5.399009E+1
1.400000E-4	3.509772E-7	5.451000E+1	5.399009E+1
1.300000E-4	-9.429864E-8	5.451000E+1	5.399009E+1
1.200000E-4	-4.432197E-7	5.451000E+1	5.399009E+1
1.100000E-4	-8.141989E-7	5.451000E+1	5.399009E+1
1.000000E-4	-1.054433E-6	5.451000E+1	5.399009E+1
9.000000E-5	-1.361744E-6	5.451000E+1	5.399009E+1
8.000000E-5	-1.646897E-6	5.451000E+1	5.399009E+1
7.000000E-5	-1.827874E-6	5.451000E+1	5.399009E+1
6.000000E-5	-2.057881E-6	5.451000E+1	5.399009E+1
5.000000E-5	-2.204368E-6	5.451000E+1	5.399009E+1
4.000000E-5	-2.324284E-6	5.451000E+1	5.399009E+1
3.000000E-5	-2.403493E-6	5.451000E+1	5.399009E+1
2.000000E-5	-2.458940E-6	5.451000E+1	5.399009E+1
1.000000E-5	-2.539853E-6	5.451000E+1	5.399009E+1
0.000000E+0	-2.606028E-6	5.451000E+1	5.396968E+1
-1.000000E-5	-2.548075E-6	5.451000E+1	5.396968E+1
-2.000000E-5	-2.651748E-6	5.451000E+1	5.396968E+1
-3.000000E-5	-2.670899E-6	5.451000E+1	5.396968E+1
-4.000000E-5	-2.700778E-6	5.451000E+1	5.396968E+1
-5.000000E-5	-2.797934E-6	5.451000E+1	5.396968E+1
-6.000000E-5	-2.864209E-6	5.451000E+1	5.396968E+1
-7.000000E-5	-2.976606E-6	5.451000E+1	5.396968E+1
-8.000000E-5	-3.136228E-6	5.451000E+1	5.396968E+1
-9.000000E-5	-3.309284E-6	5.451000E+1	5.396968E+1
-1.000000E-4	-3.569672E-6	5.451000E+1	5.396968E+1
-1.100000E-4	-4.169455E-6	5.451000E+1	5.396968E+1
-1.200000E-4	-4.454306E-6	5.451000E+1	5.396968E+1
-1.300000E-4	-4.848948E-6	5.451000E+1	5.396968E+1
-1.400000E-4	-5.300039E-6	5.451000E+1	5.396968E+1
-1.500000E-4	-5.770180E-6	5.451000E+1	5.396968E+1
-1.600000E-4	-6.280426E-6	5.451000E+1	5.396968E+1
-1.700000E-4	-6.859054E-6	5.451000E+1	5.396968E+1
-1.800000E-4	-7.502352E-6	5.451000E+1	5.396968E+1
-1.900000E-4	-8.217339E-6	5.451000E+1	5.396968E+1
-2.000000E-4	-8.915782E-6	5.451000E+1	5.396968E+1
-2.100000E-4	-9.710279E-6	5.451000E+1	5.396968E+1
-2.200000E-4	-1.055090E-5	5.451000E+1	5.396968E+1
-2.300000E-4	-1.139783E-5	5.451000E+1	5.396968E+1
-2.400000E-4	-1.233832E-5	5.451000E+1	5.396968E+1
-2.500000E-4	-1.329253E-5	5.451000E+1	5.396968E+1
-2.600000E-4	-1.430701E-5	5.451000E+1	5.396968E+1
-2.700000E-4	-1.535959E-5	5.451000E+1	5.396968E+1
-2.800000E-4	-1.648646E-5	5.451000E+1	5.396968E+1
-2.900000E-4	-1.764623E-5	5.451000E+1	5.396968E+1
-3.000000E-4	-1.878333E-5	5.451000E+1	5.396968E+1
-3.100000E-4	-2.001788E-5	5.451000E+1	5.396968E+1
-3.200000E-4	-2.130819E-5	5.451000E+1	5.396968E+1
-3.300000E-4	-2.267179E-5	5.451000E+1	5.396968E+1
-3.400000E-4	-2.402205E-5	5.451000E+1	5.396968E+1
-3.500000E-4	-2.543819E-5	5.451000E+1	5.396968E+1
-3.600000E-4	-2.694888E-5	5.451000E+1	5.396968E+1
-3.700000E-4	-2.846328E-5	5.451000E+1	5.396968E+1
-3.800000E-4	-2.997536E-5	5.451000E+1	5.396968E+1
-3.900000E-4	-3.160596E-5	5.451000E+1	5.396968E+1
-4.000000E-4	-3.326755E-5	5.451000E+1	5.396968E+1
-4.100000E-4	-3.495711E-5	5.451000E+1	5.396968E+1
-4.200000E-4	-3.669921E-5	5.451000E+1	5.396968E+1
-4.300000E-4	-3.846577E-5	5.451000E+1	5.396968E+1
-4.400000E-4	-4.031294E-5	5.451000E+1	5.396968E+1
-4.500000E-4	-4.219321E-5	5.451000E+1	5.396968E+1
-4.600000E-4	-4.411357E-5	5.451000E+1	5.396968E+1
-4.700000E-4	-4.607665E-5	5.451000E+1	5.396968E+1
-4.800000E-4	-4.811613E-5	5.451000E+1	5.396968E+1
-4.900000E-4	-5.014057E-5	5.451000E+1	5.396968E+1
-5.000000E-4	-5.224643E-5	5.451000E+1	5.396968E+1
-5.100000E-4	-5.440873E-5	5.451000E+1	5.396968E+1
-5.200000E-4	-5.659651E-5	5.451000E+1	5.396968E+1
-5.300000E-4	-5.882639E-5	5.451000E+1	5.396968E+1
-5.400000E-4	-6.110972E-5	5.451000E+1	5.396968E+1
-5.500000E-4	-6.345581E-5	5.451000E+1	5.396968E+1
-5.600000E-4	-6.583148E-5	5.451000E+1	5.396968E+1
-5.700000E-4	-6.824906E-5	5.451000E+1	5.396968E+1
-5.800000E-4	-7.071768E-5	5.451000E+1	5.396968E+1
-5.900000E-4	-7.320464E-5	5.451000E+1	5.396968E+1
-6.000000E-4	-7.577683E-5	5.451000E+1	5.396968E+1
-6.100000E-4	-7.837679E-5	5.451000E+1	5.396968E+1
-6.200000E-4	-8.102197E-5	5.451000E+1	5.396968E+1
-6.300000E-4	-8.373443E-5	5.451000E+1	5.396968E+1
-6.400000E-4	-8.643626E-5	5.451000E+1	5.396968E+1
-6.500000E-4	-8.920075E-5	5.451000E+1	5.396968E+1
-6.600000E-4	-9.201458E-5	5.451000E+1	5.396968E+1
-6.700000E-4	-9.486029E-5	5.451000E+1	5.396968E+1
-6.800000E-4	-9.777132E-5	5.451000E+1	5.396968E+1
-6.900000E-4	-1.006582E-4	5.451000E+1	5.396968E+1
-7.000000E-4	-1.036495E-4	5.451000E+1	5.396968E+1
-7.100000E-4	-1.066835E-4	5.451000E+1	5.396968E+1
-7.200000E-4	-1.097413E-4	5.451000E+1	5.396968E+1
-7.300000E-4	-1.128707E-4	5.451000E+1	5.396968E+1
-7.400000E-4	-1.159948E-4	5.451000E+1	5.396968E+1
-7.500000E-4	-1.191822E-4	5.451000E+1	5.396968E+1
-7.600000E-4	-1.224183E-4	5.451000E+1	5.396968E+1
-7.700000E-4	-1.257205E-4	5.451000E+1	5.396968E+1
-7.800000E-4	-1.290408E-4	5.451000E+1	5.396968E+1
-7.900000E-4	-1.324389E-4	5.451000E+1	5.396968E+1
-8.000000E-4	-1.358362E-4	5.451000E+1	5.396968E+1
-8.100000E-4	-1.393218E-4	5.451000E+1	5.396968E+1
-8.200000E-4	-1.428201E-4	5.451000E+1	5.396968E+1
-8.300000E-4	-1.463712E-4	5.451000E+1	5.396968E+1
-8.400000E-4	-1.500089E-4	5.451000E+1	5.396968E+1
-8.500000E-4	-1.536570E-4	5.451000E+1	5.396968E+1
-8.600000E-4	-1.573460E-4	5.451000E+1	5.396968E+1
-8.700000E-4	-1.610909E-4	5.451000E+1	5.396968E+1
-8.800000E-4	-1.648311E-4	5.451000E+1	5.396968E+1
-8.900000E-4	-1.686694E-4	5.451000E+1	5.396968E+1
-9.000000E-4	-1.725109E-4	5.451000E+1	5.396968E+1
-9.100000E-4	-1.764703E-4	5.451000E+1	5.396968E+1
-9.200000E-4	-1.804206E-4	5.451000E+1	5.396968E+1
-9.300000E-4	-1.844084E-4	5.451000E+1	5.396968E+1
-9.400000E-4	-1.884360E-4	5.451000E+1	5.396968E+1
-9.500000E-4	-1.925487E-4	5.451000E+1	5.396968E+1
-9.600000E-4	-1.967430E-4	5.451000E+1	5.396968E+1
-9.700000E-4	-2.009135E-4	5.451000E+1	5.396968E+1
-9.800000E-4	-2.051739E-4	5.451000E+1	5.396968E+1
-9.900000E-4	-2.094592E-4	5.451000E+1	5.396968E+1
-1.000000E-3	-2.137981E-4	5.451000E+1	5.396968E+1
-9.900000E-4	-2.094946E-4	5.451000E+1	5.396968E+1
-9.800000E-4	-2.052198E-4	5.451000E+1	5.396968E+1
-9.700000E-4	-2.009598E-4	5.451000E+1	5.396968E+1
-9.600000E-4	-1.967576E-4	5.451000E+1	5.396968E+1
-9.500000E-4	-1.926048E-4	5.451000E+1	5.396968E+1
-9.400000E-4	-1.885067E-4	5.451000E+1	5.396968E+1
-9.300000E-4	-1.844671E-4	5.451000E+1	5.396968E+1
-9.200000E-4	-1.804631E-4	5.451000E+1	5.396968E+1
-9.100000E-4	-1.764861E-4	5.451000E+1	5.396968E+1
-9.000000E-4	-1.725985E-4	5.451000E+1	5.396968E+1
-8.900000E-4	-1.687057E-4	5.451000E+1	5.396968E+1
-8.800000E-4	-1.649000E-4	5.451000E+1	5.396968E+1
-8.700000E-4	-1.610876E-4	5.451000E+1	5.396968E+1
-8.600000E-4	-1.573544E-4	5.451000E+1	5.396968E+1
-8.500000E-4	-1.536590E-4	5.451000E+1	5.396968E+1
-8.400000E-4	-1.500195E-4	5.451000E+1	5.396968E+1
-8.300000E-4	-1.464053E-4	5.451000E+1	5.396968E+1
-8.200000E-4	-1.428136E-4	5.451000E+1	5.396968E+1
-8.100000E-4	-1.393006E-4	5.451000E+1	5.396968E+1
-8.000000E-4	-1.358369E-4	5.451000E+1	5.396968E+1
-7.900000E-4	-1.324139E-4	5.451000E+1	5.396968E+1
-7.800000E-4	-1.290758E-4	5.451000E+1	5.396968E+1
-7.700000E-4	-1.257190E-4	5.451000E+1	5.396968E+1
-7.600000E-4	-1.224784E-4	5.451000E+1	5.396968E+1
-7.500000E-4	-1.192240E-4	5.451000E+1	5.396968E+1
-7.400000E-4	-1.160317E-4	5.451000E+1	5.396968E+1
-7.300000E-4	-1.128748E-4	5.451000E+1	5.396968E+1
-7.200000E-4	-1.098150E-4	5.451000E+1	5.396968E+1
-7.100000E-4	-1.067404E-4	5.451000E+1	5.396968E+1
-7.000000E-4	-1.037607E-4	5.451000E+1	5.396968E+1
-6.900000E-4	-1.007563E-4	5.451000E+1	5.396968E+1
-6.800000E-4	-9.782386E-5	5.451000E+1	5.396968E+1
-6.700000E-4	-9.495198E-5	5.451000E+1	5.396968E+1
-6.600000E-4	-9.211479E-5	5.451000E+1	5.396968E+1
-6.500000E-4	-8.930928E-5	5.451000E+1	5.396968E+1
-6.400000E-4	-8.654609E-5	5.451000E+1	5.396968E+1
-6.300000E-4	-8.376786E-5	5.451000E+1	5.396968E+1
-6.200000E-4	-8.110571E-5	5.451000E+1	5.396968E+1
-6.100000E-4	-7.849984E-5	5.451000E+1	5.396968E+1
-6.000000E-4	-7.592003E-5	5.451000E+1	5.396968E+1
-5.900000E-4	-7.338674E-5	5.451000E+1	5.396968E+1
-5.800000E-4	-7.085897E-5	5.451000E+1	5.396968E+1
-5.700000E-4	-6.844279E-5	5.451000E+1	5.396968E+1
-5.600000E-4	-6.601438E-5	5.451000E+1	5.396968E+1
-5.500000E-4	-6.367932E-5	5.451000E+1	5.396968E+1
-5.400000E-4	-6.136220E-5	5.451000E+1	5.396968E+1
-5.300000E-4	-5.908018E-5	5.451000E+1	5.396968E+1
-5.200000E-4	-5.684076E-5	5.451000E+1	5.396968E+1
-5.100000E-4	-5.463183E-5	5.451000E+1	5.396968E+1
-5.000000E-4	-5.249600E-5	5.451000E+1	5.396968E+1
-4.900000E-4	-5.042363E-5	5.451000E+1	5.396968E+1
-4.800000E-4	-4.836770E-5	5.451000E+1	5.396968E+1
-4.700000E-4	-4.634516E-5	5.451000E+1	5.396968E+1
-4.600000E-4	-4.439712E-5	5.451000E+1	5.396968E+1
-4.500000E-4	-4.251265E-5	5.451000E+1	5.396968E+1
-4.400000E-4	-4.063349E-5	5.451000E+1	5.396968E+1
-4.300000E-4	-3.878280E-5	5.451000E+1	5.396968E+1
-4.200000E-4	-3.698085E-5	5.451000E+1	5.396968E+1
-4.100000E-4	-3.525871E-5	5.451000E+1	5.396968E+1
-4.000000E-4	-3.357837E-5	5.451000E+1	5.396968E+1
-3.900000E-4	-3.192080E-5	5.451000E+1	5.396968E+1
-3.800000E-4	-3.030483E-5	5.451000E+1	5.396968E+1
-3.700000E-4	-2.876828E-5	5.451000E+1	5.396968E+1
-3.600000E-4	-2.726942E-5	5.451000E+1	5.396968E+1
-3.500000E-4	-2.580275E-5	5.451000E+1	5.396968E+1
-3.400000E-4	-2.434560E-5	5.451000E+1	5.396968E+1
-3.300000E-4	-2.296636E-5	5.451000E+1	5.396968E+1
-3.200000E-4	-2.163264E-5	5.451000E+1	5.396968E+1
-3.100000E-4	-2.033231E-5	5.451000E+1	5.396968E+1
-3.000000E-4	-1.908753E-5	5.451000E+1	5.396968E+1
-2.900000E-4	-1.789578E-5	5.451000E+1	5.396968E+1
-2.800000E-4	-1.673923E-5	5.451000E+1	5.396968E+1
-2.700000E-4	-1.564284E-5	5.451000E+1	5.396968E+1
-2.600000E-4	-1.455366E-5	5.451000E+1	5.396968E+1
-2.500000E-4	-1.355873E-5	5.451000E+1	5.396968E+1
-2.400000E-4	-1.259339E-5	5.451000E+1	5.396968E+1
-2.300000E-4	-1.165270E-5	5.451000E+1	5.396968E+1
-2.200000E-4	-1.078121E-5	5.451000E+1	5.396968E+1
-2.100000E-4	-9.953121E-6	5.451000E+1	5.396968E+1
-2.000000E-4	-9.189405E-6	5.451000E+1	5.396968E+1
-1.900000E-4	-8.441130E-6	5.451000E+1	5.396968E+1
-1.800000E-4	-7.786201E-6	5.451000E+1	5.396968E+1
-1.700000E-4	-7.148919E-6	5.451000E+1	5.396968E+1
-1.600000E-4	-6.545928E-6	5.451000E+1	5.396968E+1
-1.500000E-4	-6.029866E-6	5.451000E+1	5.396968E+1
-1.400000E-4	-5.535962E-6	5.451000E+1	5.396968E+1
-1.300000E-4	-5.122069E-6	5.451000E+1	5.396968E+1
-1.200000E-4	-4.741465E-6	5.451000E+1	5.396968E+1
-1.100000E-4	-4.391040E-6	5.451000E+1	5.396968E+1
-1.000000E-4	-3.811510E-6	5.451000E+1	5.396968E+1
-9.000000E-5	-3.565260E-6	5.451000E+1	5.396968E+1
-8.000000E-5	-3.332646E-6	5.451000E+1	5.396968E+1
-7.000000E-5	-3.187764E-6	5.451000E+1	5.396968E+1
-6.000000E-5	-3.076270E-6	5.451000E+1	5.396968E+1
-5.000000E-5	-3.004580E-6	5.451000E+1	5.396968E+1
-4.000000E-5	-2.967282E-6	5.451000E+1	5.396968E+1
-3.000000E-5	-2.907223E-6	5.451000E+1	5.396968E+1
-2.000000E-5	-2.856189E-6	5.451000E+1	5.396968E+1
-1.000000E-5	-2.749106E-6	5.451000E+1	5.396968E+1
-0.000000E+0	-2.742589E-6	5.453000E+1	5.398312E+1
0.000000E+0	-2.728652E-6	5.649000E+1	5.580295E+1
