I	V	T_diode	T_cernox
3.000000E-7	-2.986448E-6	5.347000E+1	5.295424E+1
6.000000E-7	-3.023045E-6	5.347000E+1	5.295424E+1
9.000000E-7	-3.034876E-6	5.347000E+1	5.295424E+1
1.200000E-6	-2.989455E-6	5.347000E+1	5.295424E+1
1.500000E-6	-2.994067E-6	5.347000E+1	5.295424E+1
1.800000E-6	-3.019835E-6	5.347000E+1	5.295424E+1
2.100000E-6	-2.981534E-6	5.347000E+1	5.295424E+1
2.400000E-6	-2.994468E-6	5.347000E+1	5.295424E+1
2.700000E-6	-3.003693E-6	5.347000E+1	5.295424E+1
3.000000E-6	-3.002891E-6	5.347000E+1	5.295424E+1
2.700000E-6	-2.996073E-6	5.347000E+1	5.295424E+1
2.400000E-6	-2.977824E-6	5.347000E+1	5.295424E+1
2.100000E-6	-2.975117E-6	5.347000E+1	5.295424E+1
1.800000E-6	-2.959675E-6	5.347000E+1	5.295424E+1
1.500000E-6	-2.974715E-6	5.347000E+1	5.295424E+1
1.200000E-6	-2.954662E-6	5.347000E+1	5.295424E+1
9.000000E-7	-3.028557E-6	5.347000E+1	5.295424E+1
6.000000E-7	-2.998578E-6	5.347000E+1	5.295424E+1
3.000000E-7	-3.002488E-6	5.347000E+1	5.295424E+1
0.000000E+0	-2.987448E-6	5.349000E+1	5.298253E+1
-3.000000E-7	-2.968297E-6	5.349000E+1	5.298253E+1
-6.000000E-7	-2.918766E-6	5.349000E+1	5.298253E+1
-9.000000E-7	-2.887383E-6	5.349000E+1	5.298253E+1
-1.200000E-6	-2.945035E-6	5.349000E+1	5.298253E+1
-1.500000E-6	-2.929194E-6	5.349000E+1	5.298253E+1
-1.800000E-6	-2.965088E-6	5.349000E+1	5.298253E+1
-2.100000E-6	-2.965891E-6	5.349000E+1	5.298253E+1
-2.400000E-6	-2.941927E-6	5.349000E+1	5.298253E+1
-2.700000E-6	-2.941124E-6	5.349000E+1	5.298253E+1
-3.000000E-6	-2.971204E-6	5.349000E+1	5.298253E+1
-2.700000E-6	-2.999178E-6	5.349000E+1	5.298253E+1
-2.400000E-6	-2.981230E-6	5.349000E+1	5.298253E+1
-2.100000E-6	-2.945035E-6	5.349000E+1	5.298253E+1
-1.800000E-6	-2.978623E-6	5.349000E+1	5.298253E+1
-1.500000E-6	-2.986043E-6	5.349000E+1	5.298253E+1
-1.200000E-6	-3.003990E-6	5.349000E+1	5.298253E+1
-9.000000E-7	-2.948243E-6	5.349000E+1	5.298253E+1
-6.000000E-7	-2.939119E-6	5.349000E+1	5.298253E+1
-3.000000E-7	-2.961678E-6	5.349000E+1	5.298253E+1
-0.000000E+0	-2.962581E-6	5.349000E+1	5.298336E+1
0.000000E+0	-3.140051E-6	5.349000E+1	5.299735E+1
