I	V	T_diode	T_cernox
1.000000E-5	3.168406E-5	6.202000E+1	6.123957E+1
2.000000E-5	6.591480E-5	6.202000E+1	6.123957E+1
3.000000E-5	1.021231E-4	6.202000E+1	6.123957E+1
4.000000E-5	1.400578E-4	6.202000E+1	6.123957E+1
5.000000E-5	1.799463E-4	6.202000E+1	6.123957E+1
6.000000E-5	2.218368E-4	6.202000E+1	6.123957E+1
7.000000E-5	2.656679E-4	6.202000E+1	6.123957E+1
8.000000E-5	3.113070E-4	6.202000E+1	6.123957E+1
9.000000E-5	3.587338E-4	6.202000E+1	6.123957E+1
1.000000E-4	4.079214E-4	6.202000E+1	6.123957E+1
1.100000E-4	4.582036E-4	6.202000E+1	6.123957E+1
1.200000E-4	5.105739E-4	6.202000E+1	6.123957E+1
1.300000E-4	5.644051E-4	6.202000E+1	6.123957E+1
1.400000E-4	6.198269E-4	6.202000E+1	6.123957E+1
1.500000E-4	6.766763E-4	6.202000E+1	6.123957E+1
1.600000E-4	7.348330E-4	6.202000E+1	6.123957E+1
1.700000E-4	7.943853E-4	6.202000E+1	6.123957E+1
1.800000E-4	8.550515E-4	6.202000E+1	6.123957E+1
1.900000E-4	9.171946E-4	6.202000E+1	6.123957E+1
2.000000E-4	9.805385E-4	6.202000E+1	6.123957E+1
2.100000E-4	1.045126E-3	6.202000E+1	6.123957E+1
2.200000E-4	1.110853E-3	6.202000E+1	6.123957E+1
2.300000E-4	1.177852E-3	6.202000E+1	6.123957E+1
2.400000E-4	1.245677E-3	6.202000E+1	6.123957E+1
2.500000E-4	1.314811E-3	6.202000E+1	6.123957E+1
2.600000E-4	1.385043E-3	6.202000E+1	6.123957E+1
2.700000E-4	1.456320E-3	6.202000E+1	6.123957E+1
2.800000E-4	1.528492E-3	6.202000E+1	6.123957E+1
2.900000E-4	1.601512E-3	6.202000E+1	6.123957E+1
3.000000E-4	1.675688E-3	6.202000E+1	6.123957E+1
3.100000E-4	1.750787E-3	6.202000E+1	6.123957E+1
3.200000E-4	1.826804E-3	6.202000E+1	6.123957E+1
3.300000E-4	1.903843E-3	6.202000E+1	6.123957E+1
3.400000E-4	1.981668E-3	6.202000E+1	6.123957E+1
3.500000E-4	2.060406E-3	6.202000E+1	6.123957E+1
3.600000E-4	2.140023E-3	6.202000E+1	6.123957E+1
3.700000E-4	2.220554E-3	6.202000E+1	6.123957E+1
3.800000E-4	2.301968E-3	6.202000E+1	6.123957E+1
3.900000E-4	2.384260E-3	6.202000E+1	6.123957E+1
4.000000E-4	2.467282E-3	6.202000E+1	6.123957E+1
4.100000E-4	2.551221E-3	6.202000E+1	6.123957E+1
4.200000E-4	2.636010E-3	6.202000E+1	6.123957E+1
4.300000E-4	2.721566E-3	6.202000E+1	6.123957E+1
4.400000E-4	2.807936E-3	6.202000E+1	6.123957E+1
4.500000E-4	2.894965E-3	6.202000E+1	6.123957E+1
4.600000E-4	2.983049E-3	6.202000E+1	6.123957E+1
4.700000E-4	3.071959E-3	6.202000E+1	6.123957E+1
4.800000E-4	3.161661E-3	6.202000E+1	6.123957E+1
4.900000E-4	3.252053E-3	6.202000E+1	6.123957E+1
5.000000E-4	3.343289E-3	6.202000E+1	6.123957E+1
5.100000E-4	3.435178E-3	6.202000E+1	6.123957E+1
5.200000E-4	3.528011E-3	6.202000E+1	6.123957E+1
5.300000E-4	3.621540E-3	6.202000E+1	6.123957E+1
5.400000E-4	3.715783E-3	6.202000E+1	6.123957E+1
5.500000E-4	3.810790E-3	6.202000E+1	6.123957E+1
5.600000E-4	3.906329E-3	6.202000E+1	6.123957E+1
5.700000E-4	4.002849E-3	6.202000E+1	6.123957E+1
5.800000E-4	4.099913E-3	6.202000E+1	6.123957E+1
5.900000E-4	4.197758E-3	6.202000E+1	6.123957E+1
6.000000E-4	4.296280E-3	6.202000E+1	6.123957E+1
6.100000E-4	4.395532E-3	6.202000E+1	6.123957E+1
6.200000E-4	4.495261E-3	6.202000E+1	6.123957E+1
6.300000E-4	4.595882E-3	6.202000E+1	6.123957E+1
6.400000E-4	4.697119E-3	6.202000E+1	6.123957E+1
6.500000E-4	4.798969E-3	6.202000E+1	6.123957E+1
6.600000E-4	4.901434E-3	6.202000E+1	6.123957E+1
6.700000E-4	5.004327E-3	6.202000E+1	6.123957E+1
6.800000E-4	5.108151E-3	6.202000E+1	6.123957E+1
6.900000E-4	5.212614E-3	6.202000E+1	6.123957E+1
7.000000E-4	5.317727E-3	6.202000E+1	6.123957E+1
7.100000E-4	5.423602E-3	6.202000E+1	6.123957E+1
7.200000E-4	5.530025E-3	6.202000E+1	6.123957E+1
7.300000E-4	5.637224E-3	6.202000E+1	6.123957E+1
7.400000E-4	5.745086E-3	6.202000E+1	6.123957E+1
7.500000E-4	5.853501E-3	6.202000E+1	6.123957E+1
7.600000E-4	5.962651E-3	6.202000E+1	6.123957E+1
7.700000E-4	6.072495E-3	6.202000E+1	6.123957E+1
7.800000E-4	6.182828E-3	6.202000E+1	6.123957E+1
7.900000E-4	6.293937E-3	6.202000E+1	6.123957E+1
8.000000E-4	6.405645E-3	6.202000E+1	6.123957E+1
8.100000E-4	6.517842E-3	6.202000E+1	6.123957E+1
8.200000E-4	6.630863E-3	6.202000E+1	6.123957E+1
8.300000E-4	6.744098E-3	6.202000E+1	6.123957E+1
8.400000E-4	6.858084E-3	6.202000E+1	6.123957E+1
8.500000E-4	6.972675E-3	6.202000E+1	6.123957E+1
8.600000E-4	7.087868E-3	6.202000E+1	6.123957E+1
8.700000E-4	7.203490E-3	6.202000E+1	6.123957E+1
8.800000E-4	7.319727E-3	6.202000E+1	6.123957E+1
8.900000E-4	7.436232E-3	6.202000E+1	6.123957E+1
9.000000E-4	7.553532E-3	6.202000E+1	6.123957E+1
9.100000E-4	7.671690E-3	6.202000E+1	6.123957E+1
9.200000E-4	7.790222E-3	6.202000E+1	6.123957E+1
9.300000E-4	7.909268E-3	6.202000E+1	6.123957E+1
9.400000E-4	8.028832E-3	6.202000E+1	6.123957E+1
9.500000E-4	8.148791E-3	6.202000E+1	6.123957E+1
9.600000E-4	8.269163E-3	6.202000E+1	6.123957E+1
9.700000E-4	8.390107E-3	6.202000E+1	6.123957E+1
9.800000E-4	8.511524E-3	6.202000E+1	6.123957E+1
9.900000E-4	8.633232E-3	6.202000E+1	6.123957E+1
1.000000E-3	8.755570E-3	6.202000E+1	6.123957E+1
9.900000E-4	8.632247E-3	6.202000E+1	6.123957E+1
9.800000E-4	8.509487E-3	6.202000E+1	6.123957E+1
9.700000E-4	8.386945E-3	6.202000E+1	6.123957E+1
9.600000E-4	8.264925E-3	6.202000E+1	6.123957E+1
9.500000E-4	8.143492E-3	6.202000E+1	6.123957E+1
9.400000E-4	8.022344E-3	6.202000E+1	6.123957E+1
9.300000E-4	7.901997E-3	6.202000E+1	6.123957E+1
9.200000E-4	7.781846E-3	6.202000E+1	6.123957E+1
9.100000E-4	7.662176E-3	6.202000E+1	6.123957E+1
9.000000E-4	7.543187E-3	6.202000E+1	6.123957E+1
8.900000E-4	7.424809E-3	6.202000E+1	6.123957E+1
8.800000E-4	7.307475E-3	6.202000E+1	6.123957E+1
8.700000E-4	7.190283E-3	6.202000E+1	6.123957E+1
8.600000E-4	7.073777E-3	6.202000E+1	6.123957E+1
8.500000E-4	6.957746E-3	6.202000E+1	6.123957E+1
8.400000E-4	6.842428E-3	6.202000E+1	6.123957E+1
8.300000E-4	6.727854E-3	6.202000E+1	6.123957E+1
8.200000E-4	6.614158E-3	6.202000E+1	6.123957E+1
8.100000E-4	6.500925E-3	6.202000E+1	6.123957E+1
8.000000E-4	6.388423E-3	6.202000E+1	6.123957E+1
7.900000E-4	6.276369E-3	6.202000E+1	6.123957E+1
7.800000E-4	6.164933E-3	6.202000E+1	6.123957E+1
7.700000E-4	6.054401E-3	6.202000E+1	6.123957E+1
7.600000E-4	5.944217E-3	6.202000E+1	6.123957E+1
7.500000E-4	5.834673E-3	6.202000E+1	6.123957E+1
7.400000E-4	5.725702E-3	6.202000E+1	6.123957E+1
7.300000E-4	5.617210E-3	6.202000E+1	6.123957E+1
7.200000E-4	5.509406E-3	6.202000E+1	6.123957E+1
7.100000E-4	5.402439E-3	6.202000E+1	6.123957E+1
7.000000E-4	5.296046E-3	6.202000E+1	6.123957E+1
6.900000E-4	5.190379E-3	6.202000E+1	6.123957E+1
6.800000E-4	5.085384E-3	6.202000E+1	6.123957E+1
6.700000E-4	4.980929E-3	6.202000E+1	6.123957E+1
6.600000E-4	4.877558E-3	6.202000E+1	6.123957E+1
6.500000E-4	4.774653E-3	6.202000E+1	6.123957E+1
6.400000E-4	4.672595E-3	6.202000E+1	6.123957E+1
6.300000E-4	4.571140E-3	6.202000E+1	6.123957E+1
6.200000E-4	4.470272E-3	6.202000E+1	6.123957E+1
6.100000E-4	4.370544E-3	6.202000E+1	6.123957E+1
6.000000E-4	4.271364E-3	6.202000E+1	6.123957E+1
5.900000E-4	4.173000E-3	6.202000E+1	6.123957E+1
5.800000E-4	4.075233E-3	6.202000E+1	6.123957E+1
5.700000E-4	3.978309E-3	6.202000E+1	6.123957E+1
5.600000E-4	3.882130E-3	6.202000E+1	6.123957E+1
5.500000E-4	3.786743E-3	6.202000E+1	6.123957E+1
5.400000E-4	3.691761E-3	6.202000E+1	6.123957E+1
5.300000E-4	3.597587E-3	6.202000E+1	6.123957E+1
5.200000E-4	3.504056E-3	6.202000E+1	6.123957E+1
5.100000E-4	3.411328E-3	6.202000E+1	6.123957E+1
5.000000E-4	3.319517E-3	6.202000E+1	6.123957E+1
4.900000E-4	3.228419E-3	6.202000E+1	6.123957E+1
4.800000E-4	3.138007E-3	6.202000E+1	6.123957E+1
4.700000E-4	3.048551E-3	6.202000E+1	6.123957E+1
4.600000E-4	2.959958E-3	6.202000E+1	6.123957E+1
4.500000E-4	2.872097E-3	6.202000E+1	6.123957E+1
4.400000E-4	2.785195E-3	6.202000E+1	6.123957E+1
4.300000E-4	2.698937E-3	6.202000E+1	6.123957E+1
4.200000E-4	2.613479E-3	6.202000E+1	6.123957E+1
4.100000E-4	2.528841E-3	6.202000E+1	6.123957E+1
4.000000E-4	2.445154E-3	6.202000E+1	6.123957E+1
3.900000E-4	2.362574E-3	6.202000E+1	6.123957E+1
3.800000E-4	2.280505E-3	6.202000E+1	6.123957E+1
3.700000E-4	2.199489E-3	6.202000E+1	6.123957E+1
3.600000E-4	2.119359E-3	6.202000E+1	6.123957E+1
3.500000E-4	2.040085E-3	6.202000E+1	6.123957E+1
3.400000E-4	1.961931E-3	6.202000E+1	6.123957E+1
3.300000E-4	1.884528E-3	6.202000E+1	6.123957E+1
3.200000E-4	1.808021E-3	6.202000E+1	6.123957E+1
3.100000E-4	1.732460E-3	6.202000E+1	6.123957E+1
3.000000E-4	1.657864E-3	6.202000E+1	6.123957E+1
2.900000E-4	1.584341E-3	6.202000E+1	6.123957E+1
2.800000E-4	1.511865E-3	6.202000E+1	6.123957E+1
2.700000E-4	1.440316E-3	6.202000E+1	6.123957E+1
2.600000E-4	1.369763E-3	6.202000E+1	6.123957E+1
2.500000E-4	1.300269E-3	6.202000E+1	6.123957E+1
2.400000E-4	1.231902E-3	6.202000E+1	6.123957E+1
2.300000E-4	1.164748E-3	6.202000E+1	6.123957E+1
2.200000E-4	1.098499E-3	6.202000E+1	6.123957E+1
2.100000E-4	1.033460E-3	6.202000E+1	6.123957E+1
2.000000E-4	9.695744E-4	6.202000E+1	6.123957E+1
1.900000E-4	9.069049E-4	6.202000E+1	6.123957E+1
1.800000E-4	8.455196E-4	6.202000E+1	6.123957E+1
1.700000E-4	7.855214E-4	6.202000E+1	6.123957E+1
1.600000E-4	7.266235E-4	6.202000E+1	6.123957E+1
1.500000E-4	6.690706E-4	6.202000E+1	6.123957E+1
1.400000E-4	6.129013E-4	6.202000E+1	6.123957E+1
1.300000E-4	5.582206E-4	6.202000E+1	6.123957E+1
1.200000E-4	5.049901E-4	6.202000E+1	6.123957E+1
1.100000E-4	4.531583E-4	6.202000E+1	6.123957E+1
1.000000E-4	4.035475E-4	6.202000E+1	6.123957E+1
9.000000E-5	3.549567E-4	6.202000E+1	6.123957E+1
8.000000E-5	3.080770E-4	6.202000E+1	6.123957E+1
7.000000E-5	2.629585E-4	6.202000E+1	6.123957E+1
6.000000E-5	2.196241E-4	6.202000E+1	6.123957E+1
5.000000E-5	1.782417E-4	6.202000E+1	6.123957E+1
4.000000E-5	1.388084E-4	6.202000E+1	6.123957E+1
3.000000E-5	1.011904E-4	6.202000E+1	6.123957E+1
2.000000E-5	6.537591E-5	6.202000E+1	6.123957E+1
1.000000E-5	3.146049E-5	6.202000E+1	6.123957E+1
0.000000E+0	-2.684135E-6	6.200000E+1	6.123352E+1
-1.000000E-5	-3.506521E-5	6.200000E+1	6.123352E+1
-2.000000E-5	-7.009938E-5	6.200000E+1	6.123352E+1
-3.000000E-5	-1.053748E-4	6.200000E+1	6.123352E+1
-4.000000E-5	-1.424276E-4	6.200000E+1	6.123352E+1
-5.000000E-5	-1.815718E-4	6.200000E+1	6.123352E+1
-6.000000E-5	-2.228505E-4	6.200000E+1	6.123352E+1
-7.000000E-5	-2.661871E-4	6.200000E+1	6.123352E+1
-8.000000E-5	-3.114279E-4	6.200000E+1	6.123352E+1
-9.000000E-5	-3.584705E-4	6.200000E+1	6.123352E+1
-1.000000E-4	-4.072775E-4	6.200000E+1	6.123352E+1
-1.100000E-4	-4.585596E-4	6.200000E+1	6.123352E+1
-1.200000E-4	-5.105839E-4	6.200000E+1	6.123352E+1
-1.300000E-4	-5.641182E-4	6.200000E+1	6.123352E+1
-1.400000E-4	-6.191994E-4	6.200000E+1	6.123352E+1
-1.500000E-4	-6.755657E-4	6.200000E+1	6.123352E+1
-1.600000E-4	-7.334233E-4	6.200000E+1	6.123352E+1
-1.700000E-4	-7.926217E-4	6.200000E+1	6.123352E+1
-1.800000E-4	-8.531826E-4	6.200000E+1	6.123352E+1
-1.900000E-4	-9.150483E-4	6.200000E+1	6.123352E+1
-2.000000E-4	-9.780494E-4	6.200000E+1	6.123352E+1
-2.100000E-4	-1.042407E-3	6.200000E+1	6.123352E+1
-2.200000E-4	-1.107927E-3	6.200000E+1	6.123352E+1
-2.300000E-4	-1.174603E-3	6.200000E+1	6.123352E+1
-2.400000E-4	-1.242414E-3	6.200000E+1	6.123352E+1
-2.500000E-4	-1.311332E-3	6.200000E+1	6.123352E+1
-2.600000E-4	-1.381192E-3	6.200000E+1	6.123352E+1
-2.700000E-4	-1.452393E-3	6.200000E+1	6.123352E+1
-2.800000E-4	-1.524564E-3	6.200000E+1	6.123352E+1
-2.900000E-4	-1.597848E-3	6.200000E+1	6.123352E+1
-3.000000E-4	-1.671993E-3	6.200000E+1	6.123352E+1
-3.100000E-4	-1.747118E-3	6.200000E+1	6.123352E+1
-3.200000E-4	-1.823318E-3	6.200000E+1	6.123352E+1
-3.300000E-4	-1.900534E-3	6.200000E+1	6.123352E+1
-3.400000E-4	-1.978626E-3	6.200000E+1	6.123352E+1
-3.500000E-4	-2.057689E-3	6.200000E+1	6.123352E+1
-3.600000E-4	-2.137609E-3	6.200000E+1	6.123352E+1
-3.700000E-4	-2.218311E-3	6.200000E+1	6.123352E+1
-3.800000E-4	-2.300079E-3	6.200000E+1	6.123352E+1
-3.900000E-4	-2.382740E-3	6.200000E+1	6.123352E+1
-4.000000E-4	-2.466293E-3	6.200000E+1	6.123352E+1
-4.100000E-4	-2.550749E-3	6.200000E+1	6.123352E+1
-4.200000E-4	-2.636017E-3	6.200000E+1	6.123352E+1
-4.300000E-4	-2.722344E-3	6.200000E+1	6.123352E+1
-4.400000E-4	-2.809506E-3	6.200000E+1	6.123352E+1
-4.500000E-4	-2.897490E-3	6.200000E+1	6.123352E+1
-4.600000E-4	-2.986270E-3	6.200000E+1	6.123352E+1
-4.700000E-4	-3.075593E-3	6.200000E+1	6.123352E+1
-4.800000E-4	-3.165804E-3	6.200000E+1	6.123352E+1
-4.900000E-4	-3.256850E-3	6.200000E+1	6.123352E+1
-5.000000E-4	-3.348666E-3	6.200000E+1	6.123352E+1
-5.100000E-4	-3.441301E-3	6.200000E+1	6.123352E+1
-5.200000E-4	-3.534640E-3	6.200000E+1	6.123352E+1
-5.300000E-4	-3.628544E-3	6.200000E+1	6.123352E+1
-5.400000E-4	-3.723259E-3	6.200000E+1	6.123352E+1
-5.500000E-4	-3.818800E-3	6.200000E+1	6.123352E+1
-5.600000E-4	-3.915177E-3	6.200000E+1	6.123352E+1
-5.700000E-4	-4.012083E-3	6.200000E+1	6.123352E+1
-5.800000E-4	-4.109593E-3	6.200000E+1	6.123352E+1
-5.900000E-4	-4.208026E-3	6.200000E+1	6.123352E+1
-6.000000E-4	-4.307081E-3	6.200000E+1	6.123352E+1
-6.100000E-4	-4.406616E-3	6.200000E+1	6.123352E+1
-6.200000E-4	-4.506893E-3	6.200000E+1	6.123352E+1
-6.300000E-4	-4.607908E-3	6.200000E+1	6.123352E+1
-6.400000E-4	-4.709847E-3	6.200000E+1	6.123352E+1
-6.500000E-4	-4.812456E-3	6.200000E+1	6.123352E+1
-6.600000E-4	-4.915660E-3	6.200000E+1	6.123352E+1
-6.700000E-4	-5.019365E-3	6.200000E+1	6.123352E+1
-6.800000E-4	-5.123716E-3	6.200000E+1	6.123352E+1
-6.900000E-4	-5.228443E-3	6.200000E+1	6.123352E+1
-7.000000E-4	-5.334061E-3	6.200000E+1	6.123352E+1
-7.100000E-4	-5.440355E-3	6.200000E+1	6.123352E+1
-7.200000E-4	-5.547344E-3	6.200000E+1	6.123352E+1
-7.300000E-4	-5.655012E-3	6.200000E+1	6.123352E+1
-7.400000E-4	-5.763232E-3	6.200000E+1	6.123352E+1
-7.500000E-4	-5.872262E-3	6.200000E+1	6.123352E+1
-7.600000E-4	-5.981900E-3	6.200000E+1	6.123352E+1
-7.700000E-4	-6.092144E-3	6.200000E+1	6.123352E+1
-7.800000E-4	-6.203230E-3	6.200000E+1	6.123352E+1
-7.900000E-4	-6.314553E-3	6.200000E+1	6.123352E+1
-8.000000E-4	-6.426730E-3	6.200000E+1	6.123352E+1
-8.100000E-4	-6.539406E-3	6.200000E+1	6.123352E+1
-8.200000E-4	-6.652724E-3	6.200000E+1	6.123352E+1
-8.300000E-4	-6.766770E-3	6.200000E+1	6.123352E+1
-8.400000E-4	-6.881285E-3	6.200000E+1	6.123352E+1
-8.500000E-4	-6.996237E-3	6.200000E+1	6.123352E+1
-8.600000E-4	-7.111947E-3	6.200000E+1	6.123352E+1
-8.700000E-4	-7.228190E-3	6.200000E+1	6.123352E+1
-8.800000E-4	-7.344958E-3	6.200000E+1	6.123352E+1
-8.900000E-4	-7.462225E-3	6.200000E+1	6.123352E+1
-9.000000E-4	-7.580013E-3	6.200000E+1	6.123352E+1
-9.100000E-4	-7.698709E-3	6.200000E+1	6.123352E+1
-9.200000E-4	-7.817732E-3	6.200000E+1	6.123352E+1
-9.300000E-4	-7.937487E-3	6.200000E+1	6.123352E+1
-9.400000E-4	-8.057812E-3	6.200000E+1	6.123352E+1
-9.500000E-4	-8.178375E-3	6.200000E+1	6.123352E+1
-9.600000E-4	-8.299562E-3	6.200000E+1	6.123352E+1
-9.700000E-4	-8.421460E-3	6.200000E+1	6.123352E+1
-9.800000E-4	-8.543766E-3	6.200000E+1	6.123352E+1
-9.900000E-4	-8.666803E-3	6.200000E+1	6.123352E+1
-1.000000E-3	-8.790592E-3	6.200000E+1	6.123352E+1
-9.900000E-4	-8.668290E-3	6.200000E+1	6.123352E+1
-9.800000E-4	-8.546118E-3	6.200000E+1	6.123352E+1
-9.700000E-4	-8.424349E-3	6.200000E+1	6.123352E+1
-9.600000E-4	-8.302832E-3	6.200000E+1	6.123352E+1
-9.500000E-4	-8.181783E-3	6.200000E+1	6.123352E+1
-9.400000E-4	-8.061349E-3	6.200000E+1	6.123352E+1
-9.300000E-4	-7.941379E-3	6.200000E+1	6.123352E+1
-9.200000E-4	-7.821545E-3	6.200000E+1	6.123352E+1
-9.100000E-4	-7.702181E-3	6.200000E+1	6.123352E+1
-9.000000E-4	-7.583457E-3	6.200000E+1	6.123352E+1
-8.900000E-4	-7.465348E-3	6.200000E+1	6.123352E+1
-8.800000E-4	-7.347657E-3	6.200000E+1	6.123352E+1
-8.700000E-4	-7.230821E-3	6.200000E+1	6.123352E+1
-8.600000E-4	-7.114455E-3	6.200000E+1	6.123352E+1
-8.500000E-4	-6.998887E-3	6.200000E+1	6.123352E+1
-8.400000E-4	-6.883891E-3	6.200000E+1	6.123352E+1
-8.300000E-4	-6.769196E-3	6.200000E+1	6.123352E+1
-8.200000E-4	-6.655133E-3	6.200000E+1	6.123352E+1
-8.100000E-4	-6.541693E-3	6.200000E+1	6.123352E+1
-8.000000E-4	-6.428669E-3	6.200000E+1	6.123352E+1
-7.900000E-4	-6.316464E-3	6.200000E+1	6.123352E+1
-7.800000E-4	-6.204811E-3	6.200000E+1	6.123352E+1
-7.700000E-4	-6.093596E-3	6.200000E+1	6.123352E+1
-7.600000E-4	-5.982926E-3	6.200000E+1	6.123352E+1
-7.500000E-4	-5.873037E-3	6.200000E+1	6.123352E+1
-7.400000E-4	-5.763823E-3	6.200000E+1	6.123352E+1
-7.300000E-4	-5.655229E-3	6.200000E+1	6.123352E+1
-7.200000E-4	-5.547317E-3	6.200000E+1	6.123352E+1
-7.100000E-4	-5.440009E-3	6.200000E+1	6.123352E+1
-7.000000E-4	-5.333398E-3	6.200000E+1	6.123352E+1
-6.900000E-4	-5.227267E-3	6.200000E+1	6.123352E+1
-6.800000E-4	-5.122071E-3	6.200000E+1	6.123352E+1
-6.700000E-4	-5.017372E-3	6.200000E+1	6.123352E+1
-6.600000E-4	-4.913328E-3	6.200000E+1	6.123352E+1
-6.500000E-4	-4.809879E-3	6.200000E+1	6.123352E+1
-6.400000E-4	-4.707131E-3	6.200000E+1	6.123352E+1
-6.300000E-4	-4.604808E-3	6.200000E+1	6.123352E+1
-6.200000E-4	-4.503453E-3	6.200000E+1	6.123352E+1
-6.100000E-4	-4.402652E-3	6.200000E+1	6.123352E+1
-6.000000E-4	-4.302558E-3	6.200000E+1	6.123352E+1
-5.900000E-4	-4.203264E-3	6.200000E+1	6.123352E+1
-5.800000E-4	-4.104746E-3	6.200000E+1	6.123352E+1
-5.700000E-4	-4.006945E-3	6.200000E+1	6.123352E+1
-5.600000E-4	-3.909751E-3	6.200000E+1	6.123352E+1
-5.500000E-4	-3.813218E-3	6.200000E+1	6.123352E+1
-5.400000E-4	-3.717348E-3	6.200000E+1	6.123352E+1
-5.300000E-4	-3.622176E-3	6.200000E+1	6.123352E+1
-5.200000E-4	-3.527954E-3	6.200000E+1	6.123352E+1
-5.100000E-4	-3.434507E-3	6.200000E+1	6.123352E+1
-5.000000E-4	-3.341752E-3	6.200000E+1	6.123352E+1
-4.900000E-4	-3.249882E-3	6.200000E+1	6.123352E+1
-4.800000E-4	-3.158837E-3	6.200000E+1	6.123352E+1
-4.700000E-4	-3.068651E-3	6.200000E+1	6.123352E+1
-4.600000E-4	-2.979464E-3	6.200000E+1	6.123352E+1
-4.500000E-4	-2.890930E-3	6.200000E+1	6.123352E+1
-4.400000E-4	-2.803368E-3	6.200000E+1	6.123352E+1
-4.300000E-4	-2.716574E-3	6.200000E+1	6.123352E+1
-4.200000E-4	-2.630604E-3	6.200000E+1	6.123352E+1
-4.100000E-4	-2.545592E-3	6.200000E+1	6.123352E+1
-4.000000E-4	-2.461208E-3	6.200000E+1	6.123352E+1
-3.900000E-4	-2.377632E-3	6.200000E+1	6.123352E+1
-3.800000E-4	-2.295015E-3	6.200000E+1	6.123352E+1
-3.700000E-4	-2.213380E-3	6.200000E+1	6.123352E+1
-3.600000E-4	-2.132728E-3	6.200000E+1	6.123352E+1
-3.500000E-4	-2.052926E-3	6.200000E+1	6.123352E+1
-3.400000E-4	-1.973962E-3	6.200000E+1	6.123352E+1
-3.300000E-4	-1.896112E-3	6.200000E+1	6.123352E+1
-3.200000E-4	-1.819150E-3	6.200000E+1	6.123352E+1
-3.100000E-4	-1.743166E-3	6.200000E+1	6.123352E+1
-3.000000E-4	-1.668383E-3	6.200000E+1	6.123352E+1
-2.900000E-4	-1.594373E-3	6.200000E+1	6.123352E+1
-2.800000E-4	-1.521406E-3	6.200000E+1	6.123352E+1
-2.700000E-4	-1.449456E-3	6.200000E+1	6.123352E+1
-2.600000E-4	-1.378506E-3	6.200000E+1	6.123352E+1
-2.500000E-4	-1.308787E-3	6.200000E+1	6.123352E+1
-2.400000E-4	-1.239936E-3	6.200000E+1	6.123352E+1
-2.300000E-4	-1.172249E-3	6.200000E+1	6.123352E+1
-2.200000E-4	-1.105652E-3	6.200000E+1	6.123352E+1
-2.100000E-4	-1.040230E-3	6.200000E+1	6.123352E+1
-2.000000E-4	-9.759917E-4	6.200000E+1	6.123352E+1
-1.900000E-4	-9.130990E-4	6.200000E+1	6.123352E+1
-1.800000E-4	-8.513302E-4	6.200000E+1	6.123352E+1
-1.700000E-4	-7.909595E-4	6.200000E+1	6.123352E+1
-1.600000E-4	-7.318651E-4	6.200000E+1	6.123352E+1
-1.500000E-4	-6.741208E-4	6.200000E+1	6.123352E+1
-1.400000E-4	-6.178682E-4	6.200000E+1	6.123352E+1
-1.300000E-4	-5.629617E-4	6.200000E+1	6.123352E+1
-1.200000E-4	-5.095222E-4	6.200000E+1	6.123352E+1
-1.100000E-4	-4.576068E-4	6.200000E+1	6.123352E+1
-1.000000E-4	-4.064794E-4	6.200000E+1	6.123352E+1
-9.000000E-5	-3.577739E-4	6.200000E+1	6.123352E+1
-8.000000E-5	-3.108212E-4	6.200000E+1	6.123352E+1
-7.000000E-5	-2.656707E-4	6.200000E+1	6.123352E+1
-6.000000E-5	-2.224583E-4	6.200000E+1	6.123352E+1
-5.000000E-5	-1.812809E-4	6.200000E+1	6.123352E+1
-4.000000E-5	-1.421713E-4	6.200000E+1	6.123352E+1
-3.000000E-5	-1.052072E-4	6.200000E+1	6.123352E+1
-2.000000E-5	-7.000084E-5	6.200000E+1	6.123352E+1
-1.000000E-5	-3.506622E-5	6.200000E+1	6.123352E+1
-0.000000E+0	-2.704990E-6	6.200000E+1	6.122974E+1
0.000000E+0	-2.767052E-6	5.149000E+1	5.110214E+1
